101
2 0 0
2 0 15
2 15 0
10 15 15
10 15 0
10 0 15
7 4 15
8 1 5
9 15 8
10 12 14
9 2 5
6 0 11
7 2 10
5 6 5
7 12 3
2 9 14
6 6 15
3 11 10
8 1 1
7 2 13
8 14 0
2 2 5
8 4 2
9 7 3
8 10 4
7 14 2
4 5 1
8 9 9
5 11 6
2 14 0
7 8 14
7 5 2
2 15 3
8 12 6
5 2 10
10 1 10
10 5 6
5 15 14
7 5 0
5 11 12
7 13 3
3 13 15
5 2 5
3 14 10
4 9 1
6 13 12
10 12 0
8 5 9
6 5 10
9 5 11
8 15 9
10 1 7
6 9 9
3 6 13
4 10 13
7 5 2
3 13 3
8 10 12
3 1 10
8 0 7
10 4 3
4 2 9
2 15 13
5 7 3
3 7 15
4 6 0
4 5 5
7 2 9
3 8 6
10 12 3
2 2 11
4 1 14
9 14 8
5 10 13
8 10 11
8 11 2
9 3 3
8 7 1
9 9 3
2 2 10
7 11 4
10 1 1
6 5 5
9 6 14
3 14 2
6 9 6
6 15 13
7 11 2
5 2 15
8 2 7
5 4 11
10 2 9
6 1 6
9 7 11
8 4 1
3 4 15
10 5 8
7 2 15
4 6 1
2 1 11
2 1 12
