98
4 1
90 90 90 90
3 1
90 30 60
5 3
140 120 110 90 80
3 234
156 23 1
100 82
128 179 179 179 179 179 179 179 179 179 179 179 179 179 179 179 179 179 179 179 179 179 179 179 156 179 179 179 179 174 179 179 179 179 179 179 179 179 179 165 179 179 179 179 179 179 179 179 176 179 179 179 179 179 179 179 179 179 179 179 179 179 179 179 179 179 179 179 179 179 179 179 179 179 179 179 179 26 179 179 172 179 179 179 175 179 179 179 179 179 179 179 179 179 179 179 179 179 179 179
78 1000
179 179 179 179 179 179 179 179 179 179 179 179 179 123 179 179 179 179 179 179 179 179 179 179 179 179 179 179 179 179 179 179 179 179 179 179 179 179 179 179 179 179 179 179 179 179 179 179 179 179 131 179 179 144 179 179 179 46 179 179 179 179 179 169 179 179 179 179 179 179 179 179 179 179 179 179 179 179
3 1000
175 4 1
14 543
173 170 179 118 179 179 179 12 179 179 87 179 179 168
77 737
85 179 179 179 179 179 179 179 176 172 179 179 179 179 179 179 179 179 179 179 179 179 179 179 179 179 179 179 179 179 179 179 179 179 179 179 179 179 179 179 179 179 179 179 179 179 179 179 179 179 179 179 179 179 179 179 179 1 179 179 179 179 179 179 179 179 179 178 179 179 179 179 179 179 179 179 179
41 814
179 179 179 32 179 179 179 179 179 179 179 179 179 179 179 179 179 178 173 179 179 179 179 179 177 179 179 179 179 179 179 179 179 179 179 179 179 179 179 16 179
11 962
178 144 179 93 179 179 179 138 177 100 74
76 173
160 179 152 179 179 179 179 179 179 179 179 179 179 179 179 179 179 179 179 179 179 179 179 179 179 179 116 179 179 179 179 179 179 179 179 179 179 179 179 179 179 179 179 179 179 179 179 179 167 179 179 179 179 179 179 179 170 179 179 179 179 179 179 179 179 179 179 179 179 179 121 179 83 179 179 179
80 275
179 179 179 179 179 179 179 179 179 179 179 179 179 179 179 179 179 179 179 179 179 179 179 179 179 178 179 179 179 179 179 66 179 179 179 179 179 179 179 179 176 179 179 179 179 179 179 179 179 179 179 179 179 179 179 163 179 179 179 179 179 179 179 170 179 179 179 179 179 179 179 179 179 179 41 179 179 179 179 179
88 938
179 179 132 179 179 179 179 93 179 179 179 179 179 179 179 179 179 179 179 179 179 179 179 179 179 179 179 179 179 179 179 179 179 179 179 179 179 179 156 179 179 179 179 179 90 179 179 179 179 179 179 178 179 179 179 179 179 179 179 179 179 179 178 179 157 179 179 179 179 179 179 179 179 179 179 179 176 179 179 179 179 179 179 179 179 179 179 179
18 519
179 162 179 129 61 175 166 179 179 178 179 179 174 131 179 179 179 93
90 526
179 179 179 179 179 179 179 179 179 179 179 179 179 179 179 179 179 179 179 179 179 179 179 179 179 178 179 179 179 179 179 179 179 179 179 179 179 179 179 179 179 179 179 179 179 179 179 179 179 179 179 179 179 179 175 179 179 130 179 179 179 179 179 179 179 179 179 179 179 179 179 179 179 179 179 179 179 179 179 179 75 76 179 179 179 179 179 179 170 179
40 824
179 173 179 179 179 179 179 179 123 29 179 179 178 179 153 179 179 173 179 179 179 179 179 179 179 179 114 179 176 179 179 179 179 179 179 179 179 179 172 179
84 696
179 179 179 179 179 179 179 179 179 179 179 179 179 179 179 179 179 179 178 179 179 179 175 179 179 179 179 33 179 179 179 179 179 179 179 179 179 179 179 177 179 179 179 179 179 179 179 179 179 179 179 179 179 179 179 179 179 179 179 179 179 179 179 179 109 179 179 179 126 179 179 179 179 179 179 179 179 179 179 179 179 179 179 179
7 873
176 151 73 125 178 134 63
23 429
116 179 178 50 179 179 179 179 36 179 179 179 179 179 179 179 179 179 179 179 178 179 179
85 383
179 179 179 173 179 179 179 179 179 179 179 170 179 179 179 179 179 179 179 179 179 179 179 179 167 179 179 179 179 163 179 179 179 179 179 179 179 179 179 179 179 179 179 179 42 179 179 179 179 179 167 179 166 179 179 179 179 179 179 179 179 179 179 179 179 179 179 179 179 179 109 179 179 179 179 179 179 179 179 179 179 179 179 179 179
57 787
179 179 179 179 125 179 179 179 179 179 179 179 179 179 179 177 179 179 179 179 179 179 179 179 179 179 179 179 179 179 167 179 179 179 179 162 179 179 179 179 179 179 179 179 124 179 179 179 179 179 26 169 179 179 179 179 179
38 234
179 179 179 179 153 179 177 179 179 179 175 179 179 179 179 179 176 179 179 117 179 179 179 161 179 179 179 179 28 179 179 179 179 179 123 179 179 179
92 760
179 136 179 179 179 179 179 179 179 179 179 179 179 179 179 179 179 179 179 179 179 179 179 179 179 179 179 164 179 179 179 179 179 179 179 179 179 179 179 179 179 179 179 179 179 39 179 179 179 179 179 179 156 179 179 179 179 179 179 179 179 179 179 179 179 179 179 179 179 179 179 179 179 179 179 179 179 179 132 179 179 179 179 179 179 179 179 179 179 179 179 179
50 584
176 179 179 179 179 179 179 179 24 67 179 150 179 179 179 179 179 179 179 179 179 179 179 179 179 179 179 179 179 171 179 179 179 179 179 179 179 179 179 179 179 179 179 179 178 179 179 179 177 179
33 229
131 179 179 179 179 179 179 179 179 179 179 179 106 179 179 179 179 178 179 179 179 108 179 179 56 179 179 179 179 179 169 179 178
88 224
179 179 179 179 179 57 179 179 179 179 179 166 179 179 179 179 179 179 179 179 179 179 179 179 179 163 179 179 179 176 179 179 179 179 179 179 179 179 179 179 179 179 179 179 179 179 179 179 179 161 172 179 179 179 179 179 179 179 179 179 179 179 179 179 179 179 179 179 174 179 179 91 179 179 179 179 179 179 179 179 179 179 179 179 179 179 179 179
88 172
179 131 179 179 179 176 179 179 178 179 142 179 179 179 179 179 179 179 171 179 179 179 179 179 179 179 179 166 179 179 179 179 179 179 179 179 179 179 179 179 179 179 179 179 179 179 179 179 179 179 179 179 179 179 179 179 179 174 179 179 179 179 179 179 179 179 78 154 150 179 179 179 179 179 179 179 179 179 179 179 179 179 179 177 179 179 179 179
89 926
179 179 179 179 179 179 179 177 179 166 179 179 179 179 179 179 179 179 179 179 179 179 179 179 179 179 179 179 179 179 179 179 179 179 179 168 12 179 179 179 179 179 179 179 179 179 179 179 179 179 179 179 179 179 179 179 179 179 179 179 179 179 179 179 179 179 179 179 179 179 179 101 179 179 179 179 179 179 179 179 179 179 179 179 179 179 179 179 179
86 814
179 118 179 179 179 179 179 179 179 179 128 179 179 179 179 179 92 179 179 179 179 179 179 179 179 179 179 179 179 179 179 179 179 179 179 179 179 151 179 179 179 179 179 179 179 179 179 179 179 179 179 179 179 179 133 179 179 179 179 179 179 179 179 179 178 179 179 179 179 179 179 179 179 179 179 179 179 179 179 179 179 179 179 179 179 179
24 572
179 179 179 179 154 43 176 179 160 179 179 178 179 179 179 179 179 179 175 179 179 34 179 176
29 471
75 179 179 179 179 179 179 179 179 179 179 179 179 179 179 179 179 179 179 178 154 179 179 155 179 2 179 179 179
45 10
179 179 179 179 179 179 179 179 179 179 97 179 179 102 179 166 95 179 179 179 179 179 179 179 178 179 179 179 179 179 179 179 179 179 179 179 179 179 179 179 179 179 179 121 179
37 279
179 127 64 179 179 179 170 177 179 179 179 179 178 179 179 179 177 179 179 179 179 179 179 40 179 179 177 179 179 178 179 179 179 179 179 179 179
23 255
52 112 179 179 179 179 179 179 179 179 111 179 179 179 179 179 104 179 179 179 179 179 179
52 565
179 179 179 179 179 179 179 179 179 179 179 179 179 179 169 176 167 148 179 179 179 179 179 179 179 179 179 179 179 4 179 179 179 179 129 179 179 179 179 179 179 179 179 179 179 179 173 179 179 158 179 179
8 701
179 178 178 179 47 141 159 19
61 194
179 179 179 179 168 179 179 179 179 179 109 179 179 179 179 179 179 102 179 179 179 179 178 179 179 179 179 179 179 179 179 179 179 179 179 179 172 179 179 179 179 179 179 179 179 178 179 179 178 179 179 179 179 52 179 179 179 179 175 179 179
13 366
179 168 179 179 179 51 179 143 178 177 179 23 166
56 261
179 179 179 179 136 179 179 179 179 179 151 179 133 173 179 179 179 179 179 179 179 179 179 88 161 179 179 174 179 179 179 179 179 179 179 179 179 179 179 179 179 179 179 179 179 179 112 179 179 179 179 179 179 179 179 179
93 831
179 179 179 179 179 179 179 179 179 179 179 179 179 179 179 179 179 129 179 179 179 179 179 179 179 179 171 179 179 179 179 179 179 179 179 179 178 179 179 179 179 179 179 179 179 179 179 179 179 179 179 179 179 179 179 179 179 179 179 179 179 179 179 174 179 179 179 179 152 179 179 179 179 179 179 179 179 179 101 179 81 179 179 179 179 179 179 179 179 179 179 179 179
69 41
179 179 179 179 179 179 179 179 179 179 179 179 179 179 177 108 179 179 179 179 179 106 179 179 179 179 179 179 179 179 179 179 179 179 159 179 179 179 179 179 179 179 179 179 179 179 179 179 179 179 179 179 179 174 179 179 179 179 179 59 179 179 179 179 179 179 179 179 179
5 561
46 122 128 160 84
20 767
179 179 179 176 179 149 179 179 179 165 179 146 80 179 179 30 179 179 179 167
29 728
179 178 179 166 166 179 179 179 161 179 179 179 174 179 94 93 179 179 178 179 179 73 178 179 179 179 177 179 179
100 753
179 179 179 179 179 179 179 172 179 179 179 179 179 179 179 179 172 179 106 179 179 179 179 179 179 179 179 179 179 179 179 179 179 179 179 179 179 179 179 179 179 179 179 179 179 179 122 179 179 175 179 179 179 179 179 179 179 179 179 179 179 179 179 179 179 67 179 179 179 179 179 179 179 179 179 179 179 179 179 179 179 179 179 179 179 179 179 179 179 179 179 179 179 179 179 179 179 179 179 179
3 443
87 1 92
65 521
179 179 179 179 179 179 179 179 179 179 179 179 179 179 179 179 179 162 179 179 179 179 179 179 179 173 179 179 179 175 179 106 179 174 179 179 95 179 179 179 179 179 179 96 179 179 174 179 179 179 179 179 179 179 179 179 179 179 179 179 175 179 179 165 179
29 547
179 178 123 159 179 91 179 179 179 179 179 179 179 179 179 179 179 163 179 179 179 179 179 29 179 179 179 179 179
62 955
60 179 179 179 179 179 179 179 87 179 179 179 179 179 179 179 179 179 179 179 179 179 179 179 179 179 179 179 179 179 179 179 179 179 179 179 179 168 179 179 179 179 179 179 179 179 179 179 179 179 179 179 179 179 108 179 179 174 179 179 179 179
42 911
179 166 179 179 179 179 76 179 179 179 175 114 179 170 179 179 179 179 179 177 179 179 179 179 179 179 86 179 179 179 152 179 179 179 179 179 179 179 177 179 179 179
55 34
79 179 179 179 179 179 179 179 179 121 179 179 161 179 179 179 179 179 179 179 166 179 179 179 179 179 179 179 179 179 179 173 179 179 179 179 142 179 179 179 179 179 179 179 179 179 179 179 179 179 179 179 179 179 106
80 467
179 179 179 179 179 179 179 179 179 179 179 179 179 179 179 179 179 179 179 179 179 179 179 179 179 179 179 179 179 160 179 179 179 179 168 179 179 179 179 179 178 179 179 179 179 179 179 179 20 171 179 179 177 179 179 179 118 179 179 179 179 179 179 179 179 179 177 179 175 179 179 166 179 179 179 179 179 179 179 179
97 427
179 179 179 179 179 179 179 179 179 179 179 179 179 179 179 179 179 179 179 179 179 179 179 179 179 179 179 179 179 179 179 179 179 179 179 179 179 179 179 179 179 179 179 179 179 179 179 179 179 179 179 179 179 179 179 179 179 178 179 179 179 179 53 179 179 179 178 179 179 179 179 179 179 179 179 109 179 179 179 179 179 179 179 179 179 179 114 179 179 179 179 179 179 179 179 179 179
19 549
179 179 179 178 170 179 179 178 31 178 131 175 179 179 179 179 179 50 179
15 133
179 174 179 179 161 22 121 179 179 179 179 179 72 179 179
82 952
179 179 179 179 179 179 179 179 179 179 179 179 179 179 179 160 179 179 179 179 179 179 179 179 179 179 179 179 179 179 179 179 179 179 34 179 179 179 179 179 179 179 179 179 179 179 179 167 179 179 179 179 179 179 179 179 179 179 179 179 179 91 179 165 179 179 179 179 179 179 179 179 179 179 179 179 179 179 179 179 179 179
28 946
179 179 177 179 179 178 179 1 179 179 79 179 179 179 176 179 179 179 178 179 163 179 179 179 179 179 179 148
40 790
179 179 179 127 177 179 179 55 179 179 176 179 179 179 179 178 179 179 159 179 179 179 179 179 179 179 179 179 163 144 179 179 179 179 179 179 179 179 176 115
29 175
179 91 179 179 179 179 179 179 179 179 179 179 170 179 171 179 178 175 178 179 179 179 179 179 179 179 179 90 48
44 822
179 179 179 179 179 179 179 179 179 179 179 179 179 14 179 179 179 179 179 179 179 179 179 77 132 177 179 179 179 179 179 179 179 179 179 179 179 179 179 179 179 179 179 179
95 319
179 179 179 178 179 179 179 179 179 179 179 177 179 99 179 179 179 179 179 179 179 179 179 179 179 179 179 179 179 179 179 179 2 179 179 179 179 179 179 179 179 179 179 179 179 179 179 179 179 179 178 179 179 179 179 179 179 179 179 179 179 179 179 179 179 179 179 179 179 179 179 179 179 176 179 179 179 179 179 179 179 179 179 179 179 178 179 179 179 179 179 179 179 179 179
58 185
179 179 179 179 179 179 179 179 179 179 179 179 179 179 55 179 179 179 179 179 179 179 179 179 138 179 179 179 179 138 179 179 179 179 179 179 179 178 179 179 146 179 179 179 179 179 179 179 179 177 119 179 179 179 179 179 179 179
12 848
179 90 146 179 165 179 179 117 33 175 179 179
53 947
179 179 179 179 179 179 168 176 179 179 179 179 179 46 179 179 179 179 179 179 179 179 179 179 179 179 149 177 179 179 179 179 179 179 179 179 179 179 179 52 179 179 179 179 179 178 179 179 179 179 179 179 179
60 499
179 179 179 179 179 179 179 179 179 176 179 179 179 179 179 179 149 179 179 179 179 179 179 179 179 179 179 154 179 179 179 179 179 179 179 179 179 177 179 179 179 103 179 179 179 179 179 179 179 17 179 179 179 177 179 179 179 179 179 179
60 58
179 179 179 178 179 179 179 179 179 179 179 179 179 179 179 179 148 179 179 179 40 51 179 179 179 179 179 179 179 179 179 179 179 179 179 179 179 179 179 179 179 179 179 179 179 179 179 179 179 179 179 179 179 179 179 179 179 179 179 178
22 390
179 179 179 179 179 169 179 178 177 179 179 179 156 179 179 179 116 54 120 179 154 149
73 839
179 179 178 179 179 179 176 179 179 179 179 179 179 179 179 179 179 179 179 179 179 179 179 179 179 179 179 179 179 179 179 179 179 179 179 179 179 179 179 157 179 179 179 179 139 179 179 179 179 179 179 179 179 179 93 179 179 179 179 179 179 179 179 179 178 45 179 179 179 179 179 179 179
57 735
178 179 179 179 179 179 179 179 179 179 179 179 179 179 31 179 179 179 179 179 179 179 179 176 179 179 179 179 36 179 179 179 179 179 179 179 179 179 176 179 179 179 179 179 179 179 179 179 179 179 179 179 179 177 177 179 178
51 988
179 18 179 179 179 179 179 179 179 169 105 179 179 179 179 165 179 179 179 179 179 179 179 179 177 179 179 179 179 179 179 179 160 179 179 179 179 179 179 179 150 179 179 179 179 179 179 179 179 179 179
37 248
179 174 179 179 179 179 179 179 179 179 179 179 38 179 179 179 179 179 179 179 179 179 179 179 179 177 179 179 179 177 179 179 179 34 151 179 179
84 677
179 179 179 179 46 179 179 179 175 178 179 179 179 179 179 179 179 179 179 179 179 179 179 179 179 179 162 179 179 179 179 179 179 179 179 179 179 177 179 125 179 179 179 179 179 179 179 179 179 179 179 179 179 179 179 179 176 178 179 153 179 179 160 179 175 179 179 179 179 179 179 179 179 179 179 179 179 179 179 179 179 179 179 167
11 661
73 171 172 179 176 176 176 36 178 176 107
16 462
131 159 179 178 179 179 179 99 179 177 78 179 179 177 89 179
36 587
178 179 179 179 179 179 179 179 179 168 179 179 179 179 179 179 179 179 1 179 161 179 163 179 179 179 179 179 154 179 104 179 179 179 179 179
30 780
179 135 155 179 179 179 179 176 176 179 127 179 173 179 179 179 179 179 179 178 85 179 179 176 179 169 178 179 163 106
20 235
179 178 179 171 179 179 66 179 130 77 179 179 179 179 179 179 178 179 113 179
66 540
179 179 179 179 168 179 179 179 179 179 179 179 179 179 179 179 179 132 177 179 179 179 179 179 179 179 61 179 179 179 179 123 179 179 179 179 119 179 179 179 179 179 179 179 179 179 179 179 179 179 179 179 179 179 179 179 179 179 179 179 179 179 179 179 179 179
64 832
179 179 179 179 179 179 176 117 179 179 179 179 83 179 179 179 179 179 179 179 179 179 179 179 179 179 179 179 179 179 101 179 179 179 179 179 179 159 179 179 179 179 179 179 179 179 179 179 179 179 179 179 179 179 179 179 179 179 179 144 178 179 179 178
96 305
179 179 179 179 179 179 179 179 179 179 179 179 179 178 179 179 179 179 179 179 179 179 168 179 179 179 179 179 179 179 179 179 179 179 179 179 179 179 179 179 179 179 179 179 179 171 179 179 179 179 179 179 179 179 164 179 179 179 179 179 179 179 179 154 178 179 179 179 179 179 179 179 179 179 179 179 179 153 179 179 179 179 179 179 179 179 179 179 179 179 68 179 179 113 179 179
10 380
18 149 179 67 174 177 179 179 177 141
48 817
179 179 179 179 179 179 179 179 135 53 179 179 179 179 179 179 179 179 179 179 179 179 179 179 110 179 178 179 179 179 179 179 134 179 179 179 179 179 179 179 179 176 179 155 179 179 179 179
93 95
179 95 179 179 179 179 179 179 179 179 179 179 179 179 179 179 179 179 179 179 179 179 131 179 179 179 174 179 177 179 179 179 179 179 179 179 179 179 179 179 179 179 179 179 179 179 177 179 179 179 179 179 179 179 179 179 179 179 179 179 179 179 179 179 179 55 179 179 179 179 179 179 179 179 179 179 179 179 179 179 179 179 179 179 177 179 179 179 179 179 179 179 179
34 316
178 139 179 179 179 179 179 176 179 179 179 179 179 179 179 179 179 173 179 179 179 179 179 7 179 179 179 179 179 179 179 75 179 179
7 935
52 175 148 179 4 179 163
45 525
179 179 179 29 179 179 179 179 179 179 179 179 179 179 179 131 179 179 160 179 179 179 179 179 179 126 179 179 179 179 179 134 179 179 179 179 179 179 179 179 179 179 179 179 179
23 304
177 179 178 179 177 81 179 179 179 179 65 179 179 79 179 179 160 179 179 179 178 179 179
91 363
179 179 179 80 179 179 179 179 179 179 179 179 179 179 179 179 179 168 179 179 179 179 179 179 179 179 179 179 179 179 179 179 179 179 179 179 179 179 179 179 179 179 179 179 179 179 179 179 179 179 179 179 179 179 179 179 179 177 179 173 179 179 179 179 179 179 179 179 179 179 179 179 179 179 179 179 179 33 174 179 179 179 179 179 179 179 179 179 179 179 179
42 900
179 111 179 179 179 166 179 179 179 179 179 179 179 179 179 179 179 179 179 179 179 179 177 179 175 179 142 179 104 179 175 179 76 179 167 179 179 179 179 179 179 179
43 228
179 179 179 179 179 179 179 160 179 179 179 179 179 60 179 179 179 179 179 179 97 179 179 179 179 134 127 179 179 179 179 179 179 179 179 179 179 179 179 179 179 179 179
81 427
179 179 179 179 179 179 179 179 179 156 179 179 179 179 179 179 179 179 179 179 179 179 179 49 179 179 179 109 179 179 179 179 179 179 178 179 179 179 179 179 179 179 179 179 179 179 179 179 179 179 174 173 179 179 179 179 179 176 179 179 179 179 179 166 179 179 179 179 179 179 179 172 179 158 179 179 179 179 179 179 179
59 21
179 115 179 179 179 179 179 179 179 179 179 179 179 179 179 179 179 179 179 179 179 179 179 179 179 179 179 179 179 178 179 179 179 179 179 179 179 76 179 179 179 179 179 179 179 178 179 174 179 179 179 179 179 65 179 179 179 166 179
9 745
102 169 42 147 172 97 175 179 177
29 318
177 179 179 179 179 179 179 176 139 179 111 166 179 179 179 151 179 179 179 179 174 179 179 179 22 164 179 179 179
69 680
179 179 179 179 179 179 179 168 179 179 179 179 179 179 179 179 179 179 179 179 179 179 179 179 179 179 179 179 179 179 11 179 179 179 179 179 67 179 179 179 179 179 179 179 179 179 179 179 179 179 179 179 179 179 179 179 179 179 179 179 179 179 179 179 179 179 179 179 179
78 472
179 174 179 179 179 174 179 179 179 179 179 179 179 179 179 179 179 179 179 179 179 179 179 179 179 179 179 179 179 179 179 179 179 119 179 179 174 179 179 179 179 178 179 179 179 179 179 179 179 179 179 179 179 89 179 179 179 179 179 179 179 179 179 179 152 179 179 179 179 179 179 179 179 179 179 179 179 90
52 673
179 179 179 179 179 179 179 179 179 179 179 33 179 179 179 179 168 174 179 179 179 179 179 179 167 179 179 166 68 179 179 179 179 179 179 179 179 179 179 171 179 178 179 179 179 178 179 179 179 179 179 179
