10000
49 1
480 1
361 1
633 1
771 1
364 1
880 1
288 1
698 1
118 1
170 1
479 1
244 1
604 1
647 1
803 1
629 1
441 1
380 1
66 1
942 1
71 1
488 1
760 1
787 1
875 1
530 1
758 1
161 1
570 1
881 1
210 1
259 1
17 1
548 1
716 1
298 1
144 1
978 1
260 1
561 1
427 1
61 1
948 1
650 1
895 1
181 1
151 1
122 1
453 1
119 1
67 1
768 1
648 1
4 1
543 1
496 1
795 1
164 1
107 1
485 1
977 1
535 1
700 1
168 1
914 1
175 1
809 1
482 1
345 1
770 1
44 1
926 1
791 1
658 1
212 1
409 1
621 1
814 1
106 1
459 1
711 1
468 1
483 1
32 1
70 1
199 1
505 1
266 1
494 1
960 1
154 1
388 1
722 1
792 1
294 1
595 1
157 1
997 1
929 1
743 1
273 1
225 1
831 1
973 1
905 1
828 1
968 1
359 1
558 1
89 1
685 1
342 1
194 1
351 1
457 1
873 1
98 1
203 1
378 1
55 1
401 1
136 1
208 1
26 1
112 1
904 1
437 1
774 1
21 1
844 1
582 1
438 1
603 1
222 1
793 1
806 1
944 1
781 1
321 1
211 1
657 1
692 1
913 1
337 1
618 1
382 1
83 1
742 1
720 1
798 1
268 1
139 1
757 1
57 1
786 1
133 1
874 1
56 1
846 1
271 1
336 1
322 1
982 1
489 1
571 1
249 1
487 1
173 1
824 1
506 1
18 1
585 1
549 1
890 1
85 1
372 1
270 1
560 1
146 1
580 1
745 1
597 1
510 1
969 1
316 1
790 1
985 1
899 1
28 1
563 1
818 1
524 1
333 1
221 1
931 1
248 1
721 1
73 1
956 1
132 1
596 1
413 1
323 1
878 1
37 1
263 1
31 1
429 1
237 1
896 1
612 1
544 1
545 1
522 1
280 1
282 1
901 1
350 1
660 1
387 1
167 1
921 1
431 1
317 1
27 1
36 1
201 1
331 1
105 1
635 1
887 1
741 1
528 1
920 1
497 1
261 1
782 1
75 1
829 1
22 1
327 1
577 1
796 1
435 1
515 1
853 1
981 1
360 1
305 1
783 1
501 1
637 1
295 1
900 1
198 1
390 1
668 1
869 1
993 1
218 1
128 1
843 1
854 1
292 1
681 1
43 1
252 1
30 1
141 1
598 1
315 1
937 1
641 1
644 1
849 1
189 1
411 1
394 1
934 1
712 1
374 1
188 1
733 1
357 1
680 1
675 1
386 1
564 1
762 1
6 1
550 1
555 1
243 1
667 1
127 1
226 1
78 1
228 1
590 1
662 1
551 1
512 1
724 1
810 1
471 1
325 1
233 1
753 1
527 1
462 1
104 1
254 1
947 1
559 1
303 1
223 1
763 1
649 1
706 1
927 1
888 1
728 1
165 1
87 1
251 1
473 1
959 1
195 1
856 1
290 1
503 1
839 1
588 1
376 1
45 1
202 1
150 1
445 1
516 1
870 1
773 1
384 1
131 1
833 1
391 1
632 1
272 1
562 1
822 1
794 1
113 1
255 1
836 1
236 1
974 1
379 1
267 1
591 1
780 1
121 1
998 1
850 1
609 1
858 1
578 1
631 1
541 1
25 1
9 1
287 1
892 1
714 1
950 1
81 1
802 1
975 1
369 1
40 1
109 1
140 1
449 1
766 1
463 1
238 1
748 1
84 1
475 1
659 1
883 1
229 1
466 1
172 1
64 1
407 1
51 1
326 1
246 1
586 1
627 1
335 1
147 1
348 1
366 1
988 1
312 1
830 1
16 1
400 1
137 1
301 1
120 1
634 1
823 1
826 1
363 1
523 1
928 1
34 1
163 1
958 1
111 1
517 1
62 1
442 1
573 1
39 1
224 1
744 1
169 1
92 1
797 1
847 1
727 1
353 1
643 1
703 1
129 1
989 1
531 1
103 1
334 1
115 1
940 1
456 1
265 1
620 1
338 1
932 1
214 1
430 1
619 1
219 1
354 1
738 1
412 1
158 1
702 1
293 1
908 1
314 1
397 1
159 1
469 1
815 1
679 1
474 1
68 1
420 1
191 1
349 1
865 1
79 1
383 1
672 1
626 1
938 1
396 1
951 1
47 1
355 1
180 1
808 1
296 1
289 1
799 1
285 1
945 1
373 1
421 1
723 1
953 1
29 1
10 1
690 1
343 1
15 1
63 1
567 1
275 1
297 1
498 1
311 1
539 1
876 1
176 1
569 1
553 1
424 1
313 1
924 1
302 1
860 1
725 1
957 1
264 1
433 1
500 1
984 1
589 1
537 1
278 1
533 1
638 1
417 1
184 1
840 1
684 1
903 1
655 1
425 1
941 1
362 1
776 1
811 1
90 1
784 1
174 1
46 1
60 1
398 1
965 1
143 1
709 1
310 1
639 1
778 1
779 1
187 1
509 1
324 1
206 1
76 1
447 1
630 1
750 1
961 1
422 1
719 1
980 1
693 1
419 1
689 1
699 1
217 1
48 1
1000 1
971 1
696 1
990 1
286 1
262 1
408 1
80 1
77 1
358 1
205 1
209 1
599 1
241 1
439 1
367 1
617 1
418 1
670 1
946 1
513 1
186 1
276 1
253 1
970 1
579 1
665 1
521 1
193 1
12 1
455 1
19 1
607 1
686 1
623 1
96 1
451 1
160 1
835 1
518 1
917 1
277 1
450 1
800 1
894 1
415 1
232 1
754 1
464 1
715 1
534 1
610 1
395 1
995 1
444 1
772 1
581 1
736 1
864 1
196 1
923 1
499 1
732 1
764 1
820 1
963 1
602 1
476 1
584 1
673 1
695 1
178 1
661 1
135 1
962 1
410 1
245 1
884 1
179 1
767 1
902 1
486 1
291 1
404 1
339 1
735 1
124 1
851 1
490 1
446 1
605 1
713 1
964 1
495 1
877 1
491 1
14 1
110 1
710 1
461 1
470 1
788 1
882 1
101 1
231 1
504 1
592 1
467 1
274 1
999 1
861 1
192 1
955 1
7 1
493 1
813 1
972 1
536 1
726 1
257 1
204 1
708 1
328 1
38 1
72 1
622 1
852 1
2 1
807 1
572 1
148 1
645 1
341 1
855 1
653 1
183 1
805 1
99 1
556 1
166 1
801 1
472 1
939 1
448 1
756 1
664 1
656 1
93 1
403 1
755 1
215 1
789 1
300 1
848 1
845 1
213 1
126 1
281 1
765 1
652 1
190 1
918 1
816 1
867 1
616 1
636 1
565 1
330 1
967 1
889 1
393 1
606 1
663 1
593 1
930 1
130 1
1 1
416 1
859 1
82 1
307 1
694 1
979 1
432 1
587 1
50 1
502 1
749 1
406 1
108 1
935 1
866 1
642 1
234 1
370 1
100 1
329 1
532 1
751 1
227 1
116 1
24 1
834 1
452 1
912 1
185 1
33 1
256 1
575 1
769 1
465 1
872 1
197 1
943 1
842 1
729 1
705 1
138 1
654 1
399 1
775 1
986 1
220 1
153 1
891 1
682 1
613 1
52 1
3 1
906 1
117 1
730 1
542 1
992 1
871 1
740 1
97 1
615 1
299 1
434 1
11 1
898 1
423 1
540 1
514 1
628 1
156 1
123 1
821 1
478 1
5 1
704 1
59 1
511 1
402 1
817 1
162 1
134 1
371 1
332 1
250 1
375 1
142 1
566 1
171 1
520 1
58 1
525 1
825 1
583 1
909 1
242 1
731 1
552 1
258 1
414 1
20 1
235 1
922 1
65 1
320 1
683 1
356 1
368 1
102 1
983 1
897 1
976 1
752 1
41 1
304 1
428 1
69 1
879 1
697 1
624 1
152 1
283 1
761 1
145 1
717 1
994 1
832 1
949 1
574 1
309 1
125 1
230 1
247 1
886 1
868 1
529 1
557 1
284 1
389 1
671 1
377 1
838 1
841 1
687 1
987 1
915 1
676 1
385 1
440 1
936 1
352 1
819 1
340 1
785 1
691 1
392 1
526 1
996 1
91 1
747 1
911 1
910 1
95 1
88 1
640 1
576 1
546 1
812 1
481 1
318 1
344 1
484 1
954 1
365 1
707 1
625 1
200 1
718 1
594 1
8 1
492 1
477 1
893 1
308 1
933 1
678 1
443 1
907 1
279 1
759 1
405 1
454 1
863 1
777 1
319 1
547 1
381 1
346 1
74 1
177 1
611 1
269 1
669 1
746 1
614 1
53 1
677 1
737 1
114 1
952 1
426 1
925 1
554 1
966 1
458 1
86 1
507 1
149 1
207 1
651 1
646 1
239 1
306 1
688 1
94 1
919 1
804 1
739 1
827 1
508 1
837 1
538 1
54 1
916 1
857 1
347 1
734 1
568 1
991 1
519 1
182 1
674 1
601 1
600 1
216 1
666 1
436 1
460 1
13 1
155 1
240 1
885 1
42 1
701 1
23 1
608 1
862 1
35 1
707 30
926 30
494 30
467 30
814 30
415 30
97 30
267 30
472 30
578 30
742 30
756 30
624 30
26 26
550 30
975 30
978 30
613 30
429 30
283 30
24 24
936 30
534 30
956 30
908 30
213 30
222 30
150 30
662 30
263 30
820 30
924 30
505 30
777 30
328 30
36 30
872 30
428 30
686 30
905 30
380 30
854 30
182 30
232 30
955 30
705 30
964 30
374 30
805 30
409 30
668 30
881 30
810 30
27 27
813 30
101 30
345 30
188 30
309 30
125 30
934 30
423 30
300 30
13 13
412 30
740 30
673 30
573 30
797 30
996 30
354 30
334 30
730 30
775 30
58 30
882 30
92 30
736 30
583 30
946 30
801 30
714 30
79 30
933 30
999 30
753 30
187 30
684 30
358 30
847 30
177 30
694 30
440 30
644 30
621 30
357 30
549 30
332 30
419 30
367 30
430 30
393 30
737 30
432 30
556 30
600 30
491 30
704 30
410 30
889 30
763 30
658 30
404 30
331 30
520 30
1000 30
761 30
366 30
750 30
783 30
94 30
506 30
70 30
160 30
457 30
453 30
87 30
66 30
575 30
799 30
274 30
377 30
50 30
1 1
226 30
601 30
724 30
722 30
255 30
962 30
779 30
424 30
732 30
145 30
196 30
974 30
141 30
10 10
932 30
796 30
957 30
197 30
350 30
208 30
927 30
298 30
459 30
853 30
109 30
870 30
451 30
395 30
771 30
67 30
314 30
579 30
674 30
570 30
615 30
718 30
234 30
476 30
544 30
315 30
537 30
923 30
623 30
981 30
231 30
277 30
720 30
824 30
739 30
696 30
918 30
482 30
529 30
256 30
78 30
268 30
275 30
389 30
247 30
176 30
123 30
640 30
360 30
318 30
310 30
716 30
403 30
276 30
500 30
486 30
248 30
165 30
536 30
608 30
402 30
401 30
359 30
48 30
786 30
749 30
438 30
576 30
219 30
445 30
540 30
848 30
144 30
325 30
35 30
794 30
727 30
931 30
461 30
676 30
558 30
543 30
663 30
385 30
497 30
994 30
545 30
907 30
481 30
73 30
458 30
405 30
770 30
346 30
82 30
281 30
547 30
806 30
86 30
856 30
634 30
811 30
657 30
808 30
766 30
365 30
693 30
565 30
335 30
418 30
700 30
846 30
993 30
464 30
280 30
535 30
326 30
710 30
530 30
688 30
861 30
619 30
762 30
627 30
295 30
998 30
992 30
664 30
807 30
675 30
709 30
622 30
915 30
209 30
518 30
778 30
867 30
324 30
502 30
400 30
669 30
83 30
768 30
224 30
592 30
954 30
116 30
568 30
652 30
118 30
463 30
512 30
487 30
546 30
352 30
514 30
132 30
691 30
368 30
243 30
896 30
258 30
124 30
717 30
842 30
278 30
137 30
941 30
628 30
159 30
271 30
729 30
105 30
986 30
916 30
479 30
80 30
169 30
527 30
372 30
107 30
533 30
323 30
612 30
781 30
746 30
192 30
9 9
225 30
670 30
446 30
971 30
551 30
6 6
773 30
582 30
28 28
917 30
985 30
420 30
294 30
63 30
695 30
320 30
949 30
448 30
114 30
2 2
493 30
599 30
249 30
595 30
685 30
407 30
178 30
951 30
127 30
759 30
972 30
20 20
680 30
207 30
826 30
265 30
76 30
23 23
181 30
388 30
68 30
968 30
629 30
157 30
816 30
785 30
443 30
21 21
361 30
465 30
106 30
715 30
386 30
517 30
834 30
235 30
47 30
667 30
270 30
803 30
311 30
474 30
246 30
963 30
890 30
843 30
333 30
75 30
336 30
563 30
191 30
25 25
791 30
39 30
373 30
471 30
837 30
631 30
33 30
38 30
211 30
903 30
55 30
296 30
322 30
149 30
614 30
61 30
552 30
161 30
18 18
738 30
435 30
299 30
879 30
217 30
136 30
574 30
339 30
589 30
672 30
341 30
134 30
501 30
726 30
468 30
337 30
173 30
85 30
91 30
792 30
555 30
633 30
643 30
983 30
690 30
891 30
444 30
40 30
522 30
210 30
593 30
218 30
637 30
922 30
876 30
77 30
156 30
469 30
216 30
507 30
391 30
692 30
34 30
863 30
376 30
19 19
84 30
200 30
240 30
942 30
901 30
818 30
744 30
251 30
478 30
683 30
748 30
338 30
966 30
392 30
496 30
431 30
754 30
69 30
830 30
3 3
897 30
406 30
201 30
370 30
914 30
950 30
321 30
16 16
554 30
470 30
30 30
553 30
37 30
831 30
910 30
557 30
378 30
566 30
441 30
340 30
364 30
871 30
660 30
997 30
244 30
620 30
42 30
562 30
804 30
733 30
282 30
396 30
262 30
850 30
14 14
327 30
264 30
587 30
708 30
279 30
948 30
921 30
390 30
355 30
285 30
698 30
852 30
699 30
190 30
665 30
154 30
764 30
980 30
56 30
483 30
984 30
741 30
454 30
866 30
930 30
152 30
32 30
95 30
835 30
682 30
147 30
180 30
450 30
798 30
163 30
54 30
666 30
528 30
836 30
604 30
462 30
819 30
844 30
767 30
167 30
588 30
618 30
636 30
632 30
697 30
214 30
542 30
241 30
874 30
238 30
96 30
202 30
793 30
841 30
102 30
649 30
780 30
495 30
538 30
827 30
195 30
782 30
316 30
199 30
381 30
146 30
98 30
747 30
671 30
525 30
387 30
171 30
973 30
29 29
584 30
221 30
752 30
651 30
115 30
245 30
687 30
630 30
711 30
585 30
906 30
829 30
253 30
597 30
151 30
343 30
602 30
421 30
511 30
7 7
223 30
236 30
561 30
434 30
755 30
185 30
174 30
635 30
526 30
119 30
886 30
569 30
305 30
233 30
351 30
284 30
900 30
198 30
503 30
765 30
898 30
193 30
751 30
31 30
194 30
297 30
4 4
977 30
64 30
990 30
303 30
130 30
758 30
436 30
353 30
598 30
437 30
925 30
713 30
899 30
155 30
735 30
488 30
162 30
408 30
133 30
967 30
166 30
970 30
849 30
129 30
363 30
681 30
611 30
605 30
356 30
938 30
929 30
100 30
104 30
723 30
394 30
439 30
559 30
317 30
342 30
308 30
571 30
869 30
71 30
45 30
860 30
108 30
5 5
719 30
508 30
647 30
531 30
498 30
961 30
371 30
447 30
919 30
252 30
382 30
212 30
521 30
112 30
319 30
103 30
577 30
840 30
466 30
413 30
648 30
823 30
845 30
273 30
399 30
702 30
784 30
616 30
774 30
920 30
312 30
229 30
455 30
809 30
987 30
653 30
237 30
858 30
757 30
953 30
982 30
868 30
969 30
567 30
422 30
822 30
99 30
272 30
887 30
93 30
928 30
411 30
259 30
904 30
607 30
313 30
442 30
414 30
473 30
348 30
122 30
788 30
460 30
789 30
839 30
456 30
560 30
215 30
269 30
227 30
477 30
41 30
384 30
935 30
288 30
57 30
492 30
304 30
148 30
59 30
433 30
44 30
894 30
184 30
490 30
135 30
11 11
865 30
142 30
596 30
873 30
170 30
939 30
790 30
965 30
859 30
250 30
940 30
289 30
880 30
895 30
883 30
988 30
131 30
855 30
645 30
912 30
62 30
606 30
72 30
139 30
678 30
864 30
254 30
362 30
205 30
22 22
603 30
302 30
113 30
979 30
266 30
513 30
832 30
52 30
725 30
228 30
117 30
90 30
499 30
650 30
541 30
416 30
639 30
815 30
617 30
572 30
307 30
504 30
153 30
857 30
203 30
646 30
260 30
661 30
43 30
516 30
947 30
800 30
449 30
594 30
959 30
743 30
140 30
53 30
239 30
548 30
126 30
480 30
638 30
81 30
745 30
825 30
943 30
679 30
290 30
485 30
821 30
586 30
976 30
17 17
286 30
641 30
49 30
51 30
291 30
121 30
581 30
186 30
347 30
625 30
261 30
46 30
769 30
242 30
330 30
703 30
656 30
728 30
902 30
524 30
65 30
110 30
689 30
760 30
677 30
484 30
654 30
610 30
909 30
937 30
292 30
383 30
706 30
111 30
301 30
189 30
375 30
398 30
787 30
230 30
539 30
564 30
590 30
989 30
833 30
991 30
817 30
306 30
158 30
425 30
952 30
659 30
8 8
257 30
120 30
532 30
427 30
172 30
509 30
701 30
655 30
523 30
958 30
875 30
591 30
128 30
397 30
828 30
893 30
329 30
776 30
164 30
15 15
183 30
795 30
287 30
772 30
426 30
851 30
731 30
519 30
642 30
878 30
862 30
609 30
88 30
712 30
344 30
892 30
580 30
293 30
74 30
206 30
89 30
475 30
60 30
489 30
911 30
204 30
877 30
452 30
884 30
945 30
802 30
379 30
515 30
888 30
143 30
510 30
960 30
944 30
838 30
626 30
349 30
812 30
179 30
138 30
885 30
168 30
913 30
417 30
369 30
175 30
721 30
734 30
12 12
995 30
220 30
753 31
863 31
88 31
920 31
293 31
233 31
912 31
957 31
240 31
592 31
940 31
632 31
771 31
493 31
852 31
87 31
829 31
46 31
519 31
894 31
467 31
602 31
525 31
380 31
40 31
612 31
717 31
960 31
596 31
49 31
508 31
983 31
369 31
397 31
248 31
562 31
407 31
96 31
309 31
671 31
884 31
345 31
728 31
266 31
338 31
553 31
21 21
316 31
427 31
808 31
41 31
494 31
678 31
900 31
486 31
853 31
523 31
319 31
979 31
857 31
429 31
183 31
215 31
978 31
507 31
967 31
413 31
846 31
777 31
818 31
7 7
932 31
473 31
306 31
965 31
822 31
162 31
733 31
656 31
435 31
60 31
498 31
973 31
740 31
801 31
869 31
584 31
385 31
487 31
690 31
951 31
449 31
26 26
547 31
47 31
203 31
995 31
743 31
110 31
619 31
615 31
165 31
440 31
759 31
452 31
701 31
386 31
709 31
478 31
773 31
441 31
598 31
314 31
571 31
460 31
803 31
214 31
540 31
428 31
876 31
294 31
102 31
763 31
832 31
223 31
194 31
600 31
782 31
289 31
833 31
731 31
670 31
378 31
855 31
730 31
568 31
481 31
71 31
296 31
533 31
825 31
388 31
399 31
411 31
971 31
224 31
131 31
193 31
795 31
1 1
23 23
798 31
704 31
893 31
799 31
981 31
348 31
416 31
653 31
310 31
754 31
207 31
521 31
955 31
666 31
246 31
422 31
13 13
349 31
377 31
705 31
667 31
864 31
129 31
462 31
926 31
58 31
874 31
168 31
698 31
35 31
675 31
712 31
561 31
597 31
5 5
880 31
883 31
674 31
118 31
623 31
263 31
229 31
387 31
111 31
305 31
628 31
812 31
526 31
409 31
683 31
796 31
414 31
732 31
517 31
156 31
6 6
749 31
190 31
903 31
324 31
804 31
617 31
376 31
824 31
551 31
425 31
655 31
756 31
780 31
605 31
471 31
408 31
624 31
887 31
242 31
157 31
626 31
107 31
166 31
184 31
657 31
953 31
627 31
640 31
361 31
189 31
546 31
939 31
716 31
158 31
504 31
959 31
468 31
572 31
558 31
966 31
783 31
142 31
205 31
663 31
247 31
723 31
455 31
968 31
839 31
176 31
993 31
235 31
991 31
327 31
410 31
307 31
817 31
590 31
375 31
182 31
688 31
609 31
954 31
579 31
696 31
516 31
563 31
28 28
161 31
419 31
335 31
322 31
164 31
290 31
83 31
952 31
779 31
964 31
465 31
528 31
264 31
15 15
892 31
924 31
450 31
541 31
990 31
679 31
775 31
784 31
352 31
762 31
686 31
786 31
606 31
734 31
522 31
699 31
614 31
764 31
727 31
265 31
524 31
923 31
45 31
861 31
120 31
172 31
109 31
512 31
148 31
344 31
171 31
354 31
645 31
480 31
996 31
192 31
61 31
346 31
942 31
755 31
457 31
38 31
384 31
453 31
298 31
618 31
249 31
29 29
130 31
582 31
67 31
238 31
897 31
548 31
535 31
604 31
770 31
179 31
814 31
138 31
881 31
36 31
153 31
751 31
291 31
646 31
577 31
621 31
972 31
78 31
866 31
956 31
287 31
746 31
180 31
154 31
252 31
611 31
610 31
542 31
925 31
415 31
174 31
75 31
236 31
100 31
497 31
933 31
513 31
927 31
426 31
697 31
359 31
938 31
778 31
872 31
80 31
576 31
694 31
821 31
280 31
565 31
226 31
39 31
776 31
404 31
752 31
917 31
25 25
56 31
871 31
150 31
708 31
660 31
537 31
908 31
472 31
928 31
163 31
218 31
641 31
374 31
330 31
152 31
456 31
403 31
103 31
382 31
458 31
941 31
199 31
9 9
127 31
286 31
886 31
905 31
79 31
269 31
64 31
843 31
721 31
862 31
355 31
648 31
343 31
97 31
454 31
664 31
27 27
518 31
998 31
167 31
328 31
992 31
392 31
237 31
123 31
304 31
63 31
918 31
84 31
315 31
448 31
393 31
284 31
654 31
502 31
505 31
566 31
20 20
10 10
607 31
368 31
745 31
479 31
774 31
658 31
913 31
835 31
482 31
256 31
935 31
922 31
700 31
276 31
682 31
644 31
603 31
312 31
34 31
370 31
503 31
915 31
789 31
975 31
987 31
122 31
882 31
750 31
200 31
811 31
742 31
243 31
445 31
432 31
418 31
185 31
574 31
292 31
424 31
934 31
515 31
206 31
724 31
681 31
633 31
466 31
8 8
870 31
178 31
937 31
282 31
676 31
668 31
851 31
914 31
325 31
840 31
643 31
261 31
347 31
769 31
313 31
875 31
891 31
332 31
569 31
430 31
758 31
591 31
147 31
389 31
68 31
718 31
669 31
51 31
391 31
495 31
470 31
868 31
114 31
216 31
275 31
277 31
757 31
797 31
308 31
363 31
70 31
159 31
126 31
837 31
95 31
827 31
364 31
113 31
849 31
50 31
800 31
807 31
436 31
89 31
187 31
631 31
588 31
781 31
121 31
81 31
961 31
672 31
766 31
225 31
647 31
785 31
496 31
323 31
520 31
859 31
831 31
661 31
550 31
437 31
767 31
461 31
545 31
421 31
463 31
815 31
475 31
93 31
947 31
706 31
175 31
904 31
53 31
74 31
91 31
112 31
854 31
506 31
331 31
529 31
336 31
318 31
638 31
356 31
483 31
295 31
160 31
201 31
492 31
128 31
930 31
744 31
828 31
433 31
943 31
141 31
532 31
469 31
59 31
2 2
412 31
3 3
719 31
899 31
198 31
360 31
888 31
250 31
273 31
337 31
267 31
845 31
544 31
258 31
57 31
476 31
268 31
219 31
608 31
635 31
119 31
221 31
692 31
16 16
878 31
115 31
489 31
639 31
255 31
787 31
144 31
702 31
301 31
936 31
589 31
902 31
212 31
680 31
910 31
810 31
253 31
443 31
950 31
715 31
976 31
303 31
54 31
898 31
725 31
32 31
736 31
446 31
134 31
405 31
14 14
11 11
560 31
765 31
438 31
44 31
760 31
37 31
459 31
823 31
710 31
841 31
137 31
149 31
695 31
317 31
514 31
916 31
662 31
274 31
564 31
132 31
830 31
208 31
985 31
530 31
792 31
650 31
69 31
620 31
906 31
806 31
844 31
637 31
311 31
984 31
394 31
622 31
651 31
367 31
488 31
181 31
599 31
790 31
673 31
340 31
108 31
209 31
105 31
228 31
788 31
860 31
986 31
210 31
353 31
687 31
431 31
791 31
383 31
649 31
227 31
417 31
191 31
31 31
283 31
581 31
73 31
220 31
567 31
234 31
741 31
805 31
747 31
944 31
555 31
145 31
451 31
151 31
19 19
583 31
601 31
578 31
988 31
173 31
351 31
652 31
907 31
398 31
139 31
931 31
634 31
339 31
867 31
838 31
642 31
329 31
527 31
43 31
177 31
552 31
531 31
17 17
270 31
629 31
819 31
534 31
244 31
98 31
362 31
834 31
539 31
259 31
977 31
186 31
116 31
239 31
684 31
82 31
117 31
196 31
135 31
739 31
65 31
18 18
982 31
288 31
858 31
885 31
202 31
420 31
170 31
222 31
442 31
703 31
999 31
711 31
86 31
379 31
48 31
500 31
594 31
197 31
341 31
99 31
406 31
195 31
297 31
217 31
586 31
477 31
281 31
204 31
299 31
24 24
836 31
813 31
55 31
400 31
994 31
556 31
901 31
691 31
865 31
820 31
230 31
889 31
262 31
381 31
726 31
509 31
366 31
873 31
1000 31
856 31
371 31
42 31
720 31
511 31
4 4
573 31
133 31
464 31
188 31
302 31
90 31
232 31
62 31
12 12
963 31
257 31
970 31
536 31
77 31
213 31
761 31
945 31
85 31
320 31
738 31
143 31
896 31
444 31
543 31
106 31
278 31
169 31
689 31
300 31
735 31
685 31
909 31
491 31
231 31
140 31
485 31
125 31
974 31
948 31
630 31
919 31
260 31
124 31
350 31
101 31
585 31
396 31
499 31
677 31
490 31
22 22
847 31
72 31
969 31
962 31
997 31
575 31
826 31
66 31
549 31
245 31
890 31
802 31
587 31
33 31
358 31
372 31
554 31
333 31
877 31
92 31
665 31
737 31
593 31
241 31
321 31
510 31
271 31
879 31
595 31
958 31
538 31
326 31
357 31
921 31
793 31
659 31
484 31
254 31
272 31
714 31
251 31
729 31
155 31
625 31
447 31
842 31
285 31
848 31
636 31
30 30
423 31
946 31
373 31
76 31
94 31
911 31
439 31
570 31
136 31
390 31
794 31
850 31
895 31
707 31
402 31
949 31
748 31
334 31
474 31
501 31
434 31
929 31
395 31
211 31
989 31
713 31
768 31
580 31
104 31
559 31
557 31
816 31
342 31
52 31
365 31
401 31
613 31
809 31
693 31
980 31
616 31
722 31
772 31
146 31
279 31
950 950
871 871
626 626
579 579
242 242
363 363
676 676
146 146
570 570
557 557
607 607
722 722
469 469
167 167
882 882
937 937
525 525
860 860
309 309
900 900
456 456
706 706
384 384
451 451
819 819
108 108
739 739
660 660
179 179
87 87
200 200
661 661
46 46
494 494
64 64
845 845
488 488
303 303
188 188
628 628
844 844
109 109
822 822
43 43
354 354
880 880
957 957
792 792
594 594
696 696
36 36
508 508
394 394
194 194
458 458
59 59
715 715
57 57
919 919
682 682
609 609
96 96
510 510
270 270
823 823
253 253
624 624
894 894
645 645
631 631
83 83
399 399
61 61
745 745
305 305
902 902
463 463
304 304
856 856
283 283
559 559
805 805
970 970
718 718
504 504
323 323
71 71
151 151
657 657
852 852
938 938
491 491
891 891
90 90
703 703
448 448
904 904
337 337
649 649
654 654
764 764
364 364
562 562
535 535
437 437
582 582
404 404
917 917
243 243
978 978
142 142
298 298
415 415
63 63
183 183
486 486
838 838
238 238
930 930
429 429
478 478
78 78
824 824
686 686
530 530
815 815
21 21
395 395
653 653
921 921
651 651
577 577
275 275
370 370
145 145
301 301
307 307
753 753
401 401
230 230
229 229
914 914
288 288
798 798
771 771
128 128
991 991
93 93
453 453
100 100
976 976
487 487
310 310
865 865
47 47
875 875
790 790
816 816
552 552
563 563
723 723
457 457
829 829
759 759
202 202
186 186
352 352
779 779
205 205
391 391
741 741
641 641
225 225
496 496
892 892
647 647
293 293
372 372
887 887
86 86
969 969
555 555
532 532
386 386
390 390
334 334
418 418
150 150
26 26
302 302
511 511
848 848
710 710
385 385
804 804
547 547
129 129
462 462
402 402
677 677
620 620
567 567
335 335
528 528
828 828
98 98
210 210
673 673
783 783
201 201
811 811
850 850
713 713
333 333
165 165
835 835
328 328
989 989
311 311
702 702
117 117
505 505
635 635
34 34
291 291
568 568
357 357
867 867
58 58
697 697
154 154
211 211
221 221
580 580
340 340
427 427
522 522
637 637
422 422
378 378
788 788
799 799
840 840
330 330
69 69
490 490
141 141
207 207
795 795
153 153
425 425
282 282
873 873
500 500
246 246
972 972
42 42
598 598
312 312
134 134
974 974
936 936
513 513
133 133
405 405
377 377
15 15
329 329
324 324
438 438
611 611
360 360
518 518
797 797
988 988
648 648
918 918
777 777
862 862
738 738
945 945
881 881
638 638
755 755
147 147
9 9
319 319
587 587
544 544
137 137
306 306
410 410
68 68
717 717
492 492
707 707
343 343
802 802
662 662
407 407
236 236
29 29
813 813
173 173
727 727
118 118
754 754
766 766
467 467
489 489
709 709
53 53
910 910
619 619
5 5
433 433
376 376
931 931
566 566
365 365
625 625
362 362
861 861
252 252
251 251
94 94
554 554
846 846
786 786
650 650
374 374
23 23
85 85
663 663
674 674
466 466
623 623
176 176
120 120
973 973
50 50
994 994
853 853
321 321
285 285
886 886
20 20
292 292
705 705
621 621
6 6
258 258
49 49
834 834
434 434
138 138
228 228
708 708
159 159
193 193
325 325
960 960
455 455
932 932
952 952
269 269
986 986
791 791
911 911
272 272
768 768
749 749
667 667
104 104
273 273
523 523
698 698
726 726
785 785
113 113
156 156
27 27
984 984
289 289
935 935
983 983
666 666
531 531
632 632
174 174
839 839
33 33
331 331
408 408
982 982
761 761
13 13
271 271
684 684
744 744
215 215
172 172
187 187
540 540
948 948
212 212
471 471
84 84
658 658
548 548
24 24
634 634
203 203
268 268
430 430
116 116
185 185
38 38
604 604
521 521
114 114
262 262
44 44
481 481
89 89
73 73
432 432
730 730
664 664
954 954
449 449
295 295
82 82
436 436
655 655
257 257
435 435
680 680
985 985
857 857
803 803
474 474
870 870
832 832
4 4
368 368
841 841
737 737
842 842
224 224
800 800
827 827
864 864
446 446
209 209
339 339
25 25
807 807
223 223
736 736
102 102
558 558
700 700
782 782
693 693
112 112
772 772
913 913
565 565
91 91
131 131
412 412
642 642
439 439
41 41
863 863
409 409
630 630
143 143
8 8
152 152
320 320
578 578
612 612
48 48
644 644
421 421
389 389
353 353
22 22
519 519
88 88
678 678
889 889
79 79
724 724
947 947
564 564
728 728
95 95
942 942
326 326
602 602
442 442
255 255
967 967
479 479
158 158
54 54
743 743
417 417
420 420
358 358
909 909
669 669
199 199
553 553
998 998
542 542
274 274
440 440
922 922
1 1
313 313
899 899
633 633
191 191
719 719
556 556
946 946
951 951
773 773
591 591
965 965
725 725
506 506
308 308
812 812
476 476
943 943
344 344
110 110
400 400
222 222
888 888
605 605
498 498
847 847
731 731
40 40
315 315
231 231
32 32
347 347
929 929
226 226
184 184
297 297
361 361
503 503
576 576
810 810
778 778
618 618
758 758
115 115
232 232
876 876
549 549
529 529
468 468
617 617
170 170
178 178
843 843
459 459
592 592
424 424
444 444
163 163
593 593
825 825
507 507
208 208
67 67
595 595
81 81
784 784
912 912
299 299
342 342
366 366
981 981
16 16
781 781
999 999
959 959
460 460
569 569
962 962
77 77
878 878
198 198
656 656
287 287
711 711
162 162
884 884
734 734
423 423
516 516
256 256
18 18
837 837
470 470
600 600
300 300
148 148
349 349
588 588
687 687
814 814
949 949
906 906
127 127
241 241
714 714
517 517
636 636
953 953
821 821
130 130
314 314
679 679
858 858
992 992
136 136
168 168
39 39
359 359
831 831
916 916
51 51
55 55
2 2
464 464
122 122
195 195
670 670
996 996
830 830
752 752
509 509
762 762
691 691
928 928
692 692
769 769
545 545
213 213
868 868
383 383
701 701
789 789
699 699
538 538
765 765
317 317
480 480
62 62
527 527
695 695
536 536
583 583
659 659
428 428
751 751
925 925
961 961
37 37
671 671
820 820
261 261
893 893
971 971
132 132
944 944
885 885
125 125
181 181
851 851
501 501
920 920
934 934
398 398
426 426
121 121
266 266
740 740
733 733
571 571
45 45
367 367
597 597
249 249
290 290
608 608
901 901
794 794
19 19
826 826
411 411
169 169
338 338
250 250
774 774
65 65
227 227
586 586
294 294
276 276
171 171
979 979
613 613
382 382
267 267
977 977
775 775
197 197
502 502
190 190
260 260
924 924
60 60
447 447
896 896
515 515
652 652
316 316
499 499
646 646
534 534
990 990
217 217
414 414
995 995
908 908
817 817
431 431
76 76
52 52
836 836
614 614
161 161
351 351
776 776
56 56
443 443
80 80
392 392
192 192
748 748
214 214
987 987
767 767
890 890
31 31
244 244
963 963
495 495
484 484
879 879
11 11
796 796
927 927
482 482
234 234
416 416
675 675
941 941
903 903
750 750
712 712
585 585
218 218
101 101
70 70
157 157
279 279
757 757
955 955
419 419
135 135
450 450
818 818
543 543
665 665
155 155
497 497
388 388
573 573
685 685
905 905
526 526
539 539
75 75
640 640
770 770
514 514
103 103
584 584
643 643
380 380
704 704
616 616
926 926
574 574
787 787
551 551
397 397
735 735
284 284
35 35
180 180
452 452
99 99
589 589
780 780
915 915
106 106
833 833
485 485
883 883
371 371
265 265
512 512
28 28
683 683
940 940
933 933
690 690
263 263
859 859
233 233
336 336
721 721
348 348
149 149
483 483
322 322
606 606
461 461
111 111
387 387
454 454
477 477
3 3
939 939
254 254
277 277
160 160
280 280
746 746
546 546
793 793
627 627
688 688
869 869
964 964
318 318
966 966
849 849
854 854
524 524
413 413
327 327
596 596
993 993
286 286
369 369
10 10
895 895
164 164
533 533
206 206
92 92
622 622
629 629
355 355
248 248
603 603
716 716
689 689
74 74
561 561
72 72
756 756
720 720
12 12
907 907
375 375
97 97
296 296
639 639
356 356
166 166
747 747
599 599
958 958
441 441
381 381
980 980
346 346
219 219
520 520
240 240
144 144
475 475
345 345
445 445
177 177
550 550
341 341
575 575
877 877
396 396
694 694
801 801
806 806
668 668
473 473
7 7
742 742
66 66
119 119
245 245
472 472
975 975
237 237
1000 1000
808 808
997 997
406 406
672 672
465 465
247 247
872 872
124 124
379 379
105 105
968 968
139 139
763 763
350 350
923 923
140 140
373 373
182 182
493 493
956 956
393 393
615 615
729 729
809 809
332 332
196 196
403 403
14 14
855 855
590 590
30 30
220 220
278 278
216 216
281 281
107 107
866 866
874 874
898 898
123 123
17 17
239 239
204 204
259 259
572 572
126 126
732 732
760 760
601 601
264 264
541 541
610 610
537 537
681 681
189 189
581 581
897 897
235 235
560 560
175 175
993 38
412 356
755 438
396 396
609 302
369 238
821 816
512 512
243 243
680 501
855 170
865 405
421 406
123 123
444 444
67 67
844 844
176 176
863 805
580 74
52 52
926 926
438 438
220 220
611 485
141 141
1000 801
933 301
682 682
714 221
983 168
451 76
675 569
920 250
999 587
284 284
691 99
39 39
380 380
584 584
337 178
144 144
663 427
905 24
821 398
558 558
650 650
268 268
65 65
918 428
31 31
494 494
439 138
820 820
960 924
225 175
803 803
569 25
339 339
874 573
691 80
559 488
876 557
627 627
631 21
570 429
584 584
223 223
803 257
704 704
704 368
14 14
426 426
408 408
614 614
127 127
407 407
459 348
422 422
661 661
822 737
518 518
118 118
236 146
759 608
461 127
141 141
932 102
107 107
777 543
271 271
29 29
756 523
731 450
958 569
337 337
433 253
846 846
594 497
150 27
455 455
752 598
514 514
192 192
200 200
321 317
448 448
578 460
696 240
881 86
985 733
390 390
306 19
150 150
322 322
152 152
327 159
627 627
987 310
622 560
702 78
738 434
167 167
58 58
340 340
347 347
418 418
606 80
246 246
738 610
577 264
694 294
2 2
908 304
629 462
425 163
921 299
761 143
360 360
352 352
511 356
27 27
341 341
309 309
889 434
430 430
948 87
613 613
293 70
557 557
499 168
542 542
693 693
643 643
797 548
385 385
92 92
127 127
183 183
648 601
774 774
597 445
669 669
864 586
676 676
516 364
257 257
24 24
725 344
498 498
716 716
904 840
974 369
785 591
619 303
627 627
291 285
381 381
978 852
756 692
155 155
108 108
340 243
124 124
175 64
388 388
984 973
506 506
58 58
847 655
13 13
593 593
946 831
273 273
567 567
685 685
613 422
680 680
838 13
693 621
69 69
83 83
782 360
466 466
708 708
348 310
473 256
766 302
32 32
581 581
518 97
182 182
15 15
470 375
117 117
536 171
907 280
277 277
896 260
237 237
856 766
563 127
796 449
519 519
264 225
782 452
365 135
172 172
925 763
273 273
76 76
888 476
95 95
772 374
460 35
918 918
689 340
136 136
752 357
352 352
174 174
551 551
258 33
339 339
820 339
336 275
386 76
267 267
174 174
542 345
690 690
972 965
508 385
348 348
428 428
298 298
946 752
608 608
796 545
669 33
965 962
996 87
274 274
861 650
670 287
360 360
461 97
133 133
557 409
321 201
40 40
635 442
726 613
741 661
408 408
502 2
623 193
500 471
691 691
335 335
679 309
936 102
50 50
224 68
713 580
125 125
47 47
743 743
598 417
713 713
639 547
331 331
470 108
668 60
201 201
469 469
175 175
601 601
605 333
168 168
275 275
147 147
486 486
746 56
70 70
256 256
296 45
960 532
806 696
649 197
809 809
485 485
457 202
127 127
779 779
123 123
209 209
199 199
496 431
735 267
635 273
135 135
212 212
273 273
875 56
334 334
399 399
825 262
953 528
703 703
728 728
363 363
382 382
166 166
946 6
739 2
335 43
209 209
994 62
921 687
128 128
935 838
534 534
654 374
826 826
836 836
223 223
157 115
238 238
555 555
695 695
554 232
391 21
322 128
252 252
558 558
819 534
193 193
218 218
240 23
498 297
330 330
884 884
404 179
189 189
114 114
68 68
376 177
664 475
542 26
638 638
450 450
239 239
575 161
257 146
939 141
84 84
894 74
581 291
446 236
975 455
535 535
316 316
944 153
228 228
762 581
309 309
993 821
416 14
517 155
500 20
362 236
44 44
946 682
539 273
213 213
392 34
519 519
180 60
192 192
608 552
353 54
716 716
257 257
274 274
359 40
825 61
146 146
510 510
525 525
36 36
86 86
748 528
853 117
16 16
50 50
785 528
999 17
72 72
956 774
842 767
266 266
700 328
311 311
894 205
384 384
148 148
93 93
335 335
869 815
91 91
651 21
841 131
656 417
957 391
280 280
682 682
785 672
888 43
573 573
808 469
905 905
262 262
925 648
165 165
732 732
857 802
558 558
630 454
561 561
838 366
199 199
671 671
912 13
282 282
431 53
152 87
378 378
119 119
372 372
242 242
101 101
207 207
281 281
314 314
717 426
143 143
53 53
941 861
979 484
334 334
971 342
50 50
562 394
667 120
196 196
339 184
628 593
129 129
462 32
43 43
208 208
189 149
496 496
464 464
991 314
206 206
547 288
178 178
258 258
924 817
26 26
954 598
181 21
514 268
58 58
444 82
159 159
364 364
354 354
676 294
7 7
289 289
612 87
180 180
464 213
777 777
113 113
188 188
493 493
423 423
137 137
600 290
573 573
759 148
392 392
222 187
400 400
257 257
593 152
12 12
951 338
476 476
791 791
685 685
887 376
219 219
422 422
501 237
710 145
115 45
806 415
440 217
28 28
258 59
264 46
190 190
595 390
313 260
926 106
250 250
839 15
795 454
758 61
318 318
991 921
27 27
856 159
383 383
769 187
57 57
51 51
431 431
609 609
765 285
75 75
533 533
210 210
202 202
966 659
214 214
490 286
76 76
993 582
408 408
74 74
186 186
895 672
153 153
220 220
692 537
690 690
43 43
11 11
317 317
967 825
819 636
317 317
905 185
310 310
869 52
588 416
464 464
48 48
657 423
88 88
121 121
727 727
465 465
494 494
431 431
200 200
40 40
580 362
223 223
947 511
227 227
681 140
63 63
769 769
459 314
929 405
328 328
549 492
465 465
775 727
301 301
516 131
953 606
825 200
473 103
764 719
903 887
164 164
616 616
596 54
636 547
615 239
585 585
353 197
131 131
994 670
902 231
345 345
482 172
596 596
29 29
947 203
546 452
283 283
271 84
86 86
436 314
263 263
335 335
275 275
125 15
435 411
995 449
430 430
10 10
220 220
961 948
877 67
972 289
895 477
323 206
959 489
957 716
550 39
75 75
325 325
521 159
692 236
759 759
339 339
870 622
180 180
589 73
743 743
275 216
901 92
583 583
9 9
388 388
344 344
616 360
17 17
99 99
480 480
717 548
28 28
144 144
64 64
37 37
295 295
578 578
512 512
353 269
785 785
428 235
992 207
116 116
789 789
240 240
835 397
947 540
189 189
518 213
493 130
437 147
912 879
222 69
931 146
588 562
449 449
267 267
177 177
980 936
947 912
226 69
915 884
346 293
724 282
775 215
200 200
573 161
209 164
679 679
962 864
284 274
631 561
724 724
60 60
905 172
529 498
721 721
842 646
479 479
636 636
353 238
211 211
476 476
113 113
35 35
490 196
919 96
827 785
992 983
592 592
586 586
532 376
131 131
795 664
776 726
492 492
407 407
210 210
400 114
258 258
876 468
86 86
232 232
344 344
715 662
371 34
322 322
930 7
548 363
124 124
449 449
807 807
175 175
729 128
4 4
6 6
967 424
100 42
930 930
586 401
16 16
479 479
644 644
318 315
282 282
863 416
198 198
657 508
954 879
236 236
710 445
571 466
504 432
918 677
339 339
950 560
787 669
681 331
342 342
901 639
478 478
721 721
628 558
663 663
430 430
294 292
449 449
740 503
618 599
353 309
909 100
702 255
793 793
596 89
451 451
898 264
263 263
910 230
69 69
148 87
255 255
748 326
225 209
366 337
361 8
393 393
182 182
361 361
373 164
998 244
375 144
89 89
966 735
738 79
894 894
540 239
664 664
698 698
378 378
67 67
122 122
777 133
537 243
736 736
244 244
625 114
566 73
318 318
354 294
752 752
939 136
596 596
174 174
260 260
951 943
513 203
337 337
238 238
282 199
89 89
250 250
642 614
276 276
654 151
996 922
405 405
937 24
327 327
716 716
117 117
286 286
44 44
873 646
452 452
829 103
526 471
466 466
93 93
445 445
156 156
107 107
45 45
426 39
233 233
335 335
507 217
546 546
334 334
62 62
935 328
261 261
102 102
113 113
222 222
28 28
76 76
1 1
708 540
843 322
702 663
379 288
344 344
823 362
813 455
814 814
723 659
344 344
394 394
890 203
920 319
687 627
538 248
309 309
145 145
179 179
67 67
489 243
289 289
244 14
314 61
51 51
513 513
368 310
658 342
97 97
802 36
355 355
803 732
806 490
86 86
107 29
387 387
745 146
460 56
879 360
817 715
228 228
12 12
843 162
524 84
579 579
847 767
98 98
895 821
753 521
264 222
626 173
72 72
294 294
916 644
779 344
956 756
210 210
717 465
239 239
109 109
882 784
563 563
883 815
475 475
370 370
233 22
396 396
902 108
26 26
190 190
235 235
914 307
201 201
752 430
697 434
104 104
164 164
906 572
299 82
827 89
823 823
911 61
654 161
848 544
554 89
532 532
827 292
108 108
13 13
737 229
820 820
530 336
683 268
312 312
933 150
402 402
595 403
404 404
451 197
730 86
361 361
483 483
232 232
385 55
265 265
532 532
332 256
286 286
972 908
449 331
325 271
45 45
25 25
550 550
831 747
121 121
445 445
207 126
660 571
619 619
530 281
669 55
118 86
585 540
179 179
465 78
295 177
255 255
54 54
511 511
599 599
169 169
40 40
164 164
293 152
926 926
612 612
520 520
876 356
438 294
748 713
725 683
344 87
740 572
773 76
565 565
558 21
501 475
431 431
367 367
455 455
407 407
939 203
857 166
700 700
322 322
571 463
911 95
947 894
642 642
484 484
299 299
992 176
866 866
14 14
26 26
372 372
209 209
330 5
853 512
26 26
9 9
899 135
44 44
756 329
226 219
149 149
756 366
138 138
739 387
273 238
266 40
794 200
353 258
710 297
766 539
912 709
406 406
305 305
977 770
160 160
259 259
173 173
590 41
374 374
781 281
419 419
340 287
372 372
819 713
939 786
73 73
772 66
325 325
49 49
856 361
281 281
894 758
576 510
156 156
762 762
851 780
649 564
554 554
959 7
986 354
901 132
578 278
705 530
667 667
438 438
254 254
46 46
250 250
618 618
969 546
762 621
874 145
303 149
1 1
134 134
746 339
64 64
374 374
580 580
12 12
838 101
432 432
792 206
145 145
694 417
51 51
888 624
613 460
697 522
870 870
717 384
673 673
871 532
135 126
791 390
35 2
187 187
96 96
493 29
999 629
626 418
797 553
146 146
593 65
915 568
459 459
88 88
383 383
802 372
48 48
797 163
706 706
116 116
224 224
57 57
920 641
867 721
451 451
394 394
808 305
230 230
28 28
893 742
156 136
708 428
835 456
741 492
518 518
262 262
533 316
610 610
260 228
361 361
648 436
627 360
365 365
385 385
363 64
52 52
74 74
87 87
674 535
807 807
757 293
724 724
880 133
959 315
140 140
715 715
883 502
936 515
638 209
266 266
956 218
664 10
660 281
929 351
187 25
177 85
888 886
102 102
60 60
418 418
477 71
450 222
382 382
687 63
372 372
264 176
870 72
399 399
316 19
113 27
612 612
423 423
432 112
466 308
868 261
804 704
507 309
633 47
665 97
83 83
914 360
661 147
873 553
295 295
814 376
905 753
39 39
43 22
663 169
584 291
427 415
187 187
57 57
18 18
156 156
319 319
946 319
198 198
910 910
216 216
881 139
989 438
876 213
153 153
592 500
677 677
822 25
30 30
627 627
411 103
235 235
408 408
239 239
783 679
233 233
702 641
35 35
955 39
495 129
740 312
321 254
748 123
761 225
712 384
941 636
559 197
731 332
47 47
628 628
37 37
100 100
444 8
390 390
223 223
389 389
897 897
445 445
297 283
967 58
932 932
594 594
72 72
803 212
703 616
498 478
790 790
823 823
416 283
115 115
913 290
820 51
944 100
761 733
21 21
319 319
289 289
825 635
485 485
254 63
419 417
517 517
905 905
691 691
788 724
13 13
440 440
33 33
869 177
318 318
246 190
549 24
628 437
295 295
95 95
989 782
4 4
839 839
57 57
636 563
973 309
592 592
94 94
492 492
626 412
654 654
991 385
561 94
478 478
640 247
401 401
92 92
438 372
774 489
907 907
605 335
977 684
752 752
726 726
264 264
458 458
213 101
419 419
345 220
676 344
529 526
376 81
247 247
924 854
221 221
403 403
308 308
995 437
506 250
884 211
34 34
657 126
165 165
287 287
167 167
482 482
581 581
703 668
210 172
588 588
216 216
900 216
675 349
583 43
313 109
893 893
718 237
851 140
876 537
230 230
968 964
469 313
520 32
339 6
192 192
753 744
939 584
539 539
455 455
849 849
689 395
237 237
240 240
604 604
373 154
741 741
256 256
543 80
622 228
104 33
446 446
615 615
587 478
755 755
699 699
44 44
655 649
279 11
435 394
336 336
77 77
896 288
218 218
141 141
340 340
704 67
632 160
794 484
171 171
496 496
13 13
590 590
934 250
936 475
172 132
723 405
367 367
586 172
819 47
612 434
757 460
498 498
329 324
350 128
16 16
520 442
119 119
146 120
586 564
275 275
471 471
953 453
223 223
95 95
984 283
6 6
389 360
104 104
575 141
367 367
292 229
404 279
486 486
300 29
615 481
885 690
968 386
166 60
705 582
68 68
354 347
65 65
408 195
38 38
300 300
890 786
197 133
227 227
254 116
288 288
434 333
241 241
83 83
214 214
689 119
341 341
88 88
311 237
211 211
793 291
149 98
257 257
462 462
62 62
234 234
106 106
821 37
68 68
827 827
973 580
260 260
757 185
276 44
102 102
465 392
117 117
438 438
313 313
676 436
868 770
623 133
950 829
687 477
49 49
189 189
200 200
653 653
144 144
52 52
264 264
94 94
909 150
194 194
14 14
714 714
7 7
546 546
104 104
857 601
309 23
285 285
345 345
505 364
979 504
378 65
747 191
39 39
558 558
102 97
796 442
796 462
507 507
900 107
28 28
897 276
116 116
87 87
693 280
3 3
858 367
58 58
322 322
767 767
651 225
6 6
48 48
654 551
613 590
748 229
559 544
786 691
648 648
678 678
512 512
231 231
8 8
602 602
776 167
858 815
369 36
486 300
44 44
213 213
656 457
996 597
123 123
384 384
528 528
791 791
343 220
641 108
962 144
188 188
979 604
173 173
899 12
642 270
45 45
140 13
281 281
514 494
181 95
408 408
982 194
702 702
540 540
253 253
563 186
141 141
726 726
906 224
406 406
837 837
336 336
263 263
396 313
360 360
809 809
77 77
846 785
519 519
140 140
576 147
784 45
969 114
996 156
639 193
741 741
709 709
239 239
450 254
716 8
442 442
324 324
91 2
317 317
886 368
260 220
13 13
932 149
92 92
163 163
48 48
821 200
188 188
727 339
706 204
333 333
126 126
992 136
630 319
703 703
910 670
998 593
401 401
668 189
489 400
902 522
775 775
505 240
382 70
653 409
138 138
285 285
782 573
82 82
163 163
591 429
380 380
768 548
862 862
651 651
558 558
409 409
674 654
734 106
233 233
923 923
974 721
197 197
887 23
759 81
93 81
538 195
332 332
850 761
110 110
957 957
152 152
628 606
759 98
615 551
543 41
675 675
123 123
5 5
553 553
568 5
635 537
18 18
312 102
968 186
689 689
834 602
391 391
322 171
449 11
757 757
59 59
276 276
563 377
428 316
445 445
665 128
319 11
282 282
654 654
813 813
159 159
43 43
754 754
534 534
928 11
791 192
821 3
477 477
968 269
240 240
112 112
491 491
225 225
167 167
372 74
596 110
708 602
506 83
189 189
382 382
879 868
633 148
640 547
426 426
87 8
908 157
428 428
18 18
342 342
102 102
780 780
657 321
317 84
324 324
196 196
270 269
58 58
406 406
263 263
432 432
491 294
373 373
607 575
130 130
337 337
259 259
780 407
184 184
430 430
637 88
251 251
952 249
6 6
308 154
552 552
482 482
297 297
831 611
67 67
992 972
295 295
377 377
327 327
526 526
178 178
745 380
766 641
370 79
615 615
197 197
222 222
988 760
253 253
661 34
110 110
799 98
147 132
582 198
569 421
286 110
958 958
44 44
633 633
367 367
248 248
93 93
532 93
339 165
298 26
701 70
859 518
739 287
474 362
12 12
173 158
732 732
797 109
641 609
784 707
347 347
774 774
290 290
896 635
970 193
212 212
9 9
173 134
281 137
576 423
280 91
209 126
692 562
75 75
69 69
983 207
467 467
444 444
774 774
541 353
597 543
848 364
518 389
610 491
835 690
264 264
502 147
48 48
579 579
446 446
212 212
450 195
354 354
687 687
567 85
575 339
80 80
857 375
399 399
165 165
344 344
814 690
913 624
46 46
788 353
399 211
625 149
197 197
772 160
986 981
70 70
217 217
836 618
850 345
769 190
769 769
695 695
895 888
839 626
932 129
925 837
130 130
661 661
758 132
602 403
282 282
433 433
544 544
837 127
649 649
404 404
332 332
991 556
690 566
710 467
93 93
90 90
497 497
692 626
459 459
394 394
718 67
26 26
468 18
127 127
265 57
777 214
708 708
937 629
127 127
633 633
861 832
82 82
947 923
383 19
687 687
7 7
901 16
544 544
249 249
671 10
718 305
212 212
149 149
169 169
497 497
971 440
903 903
642 642
204 204
123 123
766 425
508 219
460 460
183 183
713 124
968 960
524 524
865 588
219 219
437 131
270 270
616 220
744 744
949 107
7 7
778 683
725 155
574 574
247 247
259 259
338 338
502 401
286 228
980 839
971 135
190 190
16 16
380 380
602 141
960 333
129 129
889 850
151 151
297 297
305 305
32 32
384 16
959 273
129 129
584 56
920 213
586 136
284 149
875 596
27 27
439 439
494 494
917 681
744 744
424 424
216 216
690 690
645 218
636 179
537 524
635 635
462 462
253 253
870 108
594 594
535 470
381 359
914 58
32 32
756 435
223 223
638 258
389 389
439 383
988 133
514 134
784 784
906 904
578 317
89 89
475 475
856 411
654 654
169 22
728 728
312 312
891 229
640 640
510 478
866 666
464 464
263 241
299 50
367 190
470 470
155 155
491 49
380 380
271 271
54 54
503 474
207 207
824 824
354 354
855 41
880 160
319 181
542 497
960 248
745 738
117 66
198 38
142 142
310 310
116 116
478 339
779 446
701 203
377 377
935 619
69 69
295 173
475 59
121 121
220 220
733 667
385 385
639 445
432 432
611 611
472 246
117 117
591 454
847 641
307 307
797 642
220 220
530 530
352 208
333 333
761 380
269 163
577 577
313 313
461 461
965 176
544 330
879 29
806 469
584 584
937 608
790 724
968 372
293 186
763 720
261 261
844 643
439 439
999 346
298 298
794 738
338 9
831 500
224 224
70 70
652 652
655 135
366 366
14 14
13 13
647 119
887 757
401 103
391 391
951 154
732 241
737 737
142 142
553 422
179 179
322 322
400 400
843 84
283 283
944 114
549 549
105 105
413 227
396 212
7 7
350 350
340 340
47 47
243 243
60 60
381 381
749 749
758 473
238 91
336 336
83 83
713 524
101 101
140 140
457 6
181 181
536 493
414 414
9 9
695 695
618 612
866 866
261 172
580 295
815 17
696 696
668 33
605 181
406 406
688 554
365 365
428 428
184 97
677 300
825 530
653 35
503 503
198 198
445 220
734 734
256 24
224 224
909 615
870 870
441 264
4 4
458 332
753 509
346 168
671 135
93 93
201 19
640 640
36 36
825 220
150 150
349 349
563 563
220 130
359 359
185 185
782 782
605 118
262 262
4 4
366 366
175 175
240 20
56 56
633 632
701 663
42 42
819 819
847 25
715 165
125 125
986 570
248 53
739 55
865 584
687 499
303 303
477 477
109 109
92 28
601 601
596 596
421 168
773 240
310 310
896 796
762 170
497 497
15 15
950 736
294 294
209 209
958 108
153 153
332 332
871 861
184 184
644 311
436 436
408 207
517 517
661 476
380 380
914 320
118 76
860 719
335 314
630 293
166 166
777 777
802 18
6 6
282 171
152 152
9 9
456 275
312 312
912 576
438 261
768 768
3 3
839 408
802 742
273 252
708 649
791 791
26 26
157 157
330 330
180 180
890 776
296 98
211 211
427 229
581 581
896 297
992 823
452 406
410 410
519 191
781 748
513 513
576 222
639 339
397 397
116 116
819 211
628 182
578 260
92 92
267 234
661 620
818 508
160 160
692 362
755 755
866 866
682 682
728 728
184 184
23 23
260 260
638 638
825 84
648 273
878 303
638 330
836 126
229 229
998 89
762 49
218 218
722 722
93 93
231 204
342 342
628 130
592 592
881 175
827 737
226 226
988 437
122 122
849 75
301 19
297 297
586 586
64 64
647 647
656 656
448 274
730 621
15 15
716 716
407 407
901 551
932 842
468 403
737 707
335 335
237 237
847 435
632 207
496 10
815 40
6 6
927 156
346 224
390 201
637 47
404 49
892 715
881 423
801 801
329 329
114 114
874 5
794 664
134 134
478 388
644 163
250 250
104 104
579 375
949 360
741 33
795 795
807 807
439 439
253 253
655 42
208 93
584 584
346 346
95 95
234 234
682 682
136 136
869 784
11 11
921 425
493 378
119 119
200 200
322 322
585 561
129 129
91 91
988 902
983 101
846 105
87 87
913 627
698 64
240 53
249 205
285 285
712 329
515 515
473 406
157 157
658 445
901 250
654 330
114 114
937 870
592 592
285 23
923 843
730 542
310 310
283 92
29 29
75 75
548 470
325 325
974 709
835 80
847 484
31 31
733 733
205 205
433 433
673 234
588 588
445 140
588 87
427 351
142 142
769 664
789 371
18 18
616 65
376 198
922 854
24 24
603 601
542 542
644 115
679 351
176 176
870 294
533 475
222 222
946 946
150 150
643 135
130 130
343 343
62 62
747 210
613 90
623 623
744 680
734 105
299 299
803 152
121 121
318 318
295 295
206 206
566 566
201 201
354 354
7 7
272 272
957 317
764 668
693 417
840 840
666 666
376 376
81 81
98 98
651 478
684 684
527 527
726 501
236 236
422 91
276 276
698 192
53 53
767 535
889 889
721 211
205 205
172 156
966 545
670 670
327 327
247 247
887 887
289 289
704 268
178 178
506 506
160 160
718 207
948 263
263 263
223 86
666 666
153 10
390 171
168 168
14 14
5 5
460 287
355 355
200 200
489 204
293 293
943 271
804 647
677 593
683 662
54 54
901 376
611 374
149 149
780 741
893 145
570 570
504 430
472 472
280 280
784 662
561 561
290 290
861 309
326 248
521 521
171 171
636 369
208 208
279 279
255 255
640 640
794 354
321 173
949 10
213 213
187 187
923 923
237 237
899 899
421 288
565 360
944 518
33 33
986 424
744 744
204 204
506 506
808 174
265 265
227 227
94 94
149 149
972 716
186 186
428 5
243 51
188 40
264 264
910 910
388 388
607 403
911 644
393 393
246 246
324 324
205 205
716 716
524 394
108 108
39 39
696 243
607 520
912 912
70 70
392 392
72 72
620 620
372 372
921 192
394 301
655 638
751 75
699 530
996 566
128 66
693 557
29 29
685 266
650 650
854 518
580 346
366 366
344 81
533 533
796 205
219 219
305 305
647 647
477 477
449 449
229 229
953 642
279 279
353 353
157 157
533 533
469 469
675 188
134 134
237 237
62 62
524 384
982 604
318 318
119 119
312 312
557 371
550 550
537 36
351 351
325 325
215 148
57 57
28 28
170 170
817 507
42 5
272 272
443 443
466 341
20 20
99 99
30 30
409 409
976 143
747 624
831 424
927 560
498 155
235 235
441 441
660 263
21 21
701 610
810 761
127 127
210 210
479 269
955 550
678 678
880 751
26 26
342 342
641 177
661 611
429 429
54 54
643 59
547 506
894 860
537 69
225 225
27 27
201 104
233 233
16 16
565 565
30 30
814 347
586 370
685 685
207 207
725 725
249 249
776 312
199 33
732 301
338 338
300 300
611 611
306 100
596 596
363 363
124 124
531 531
94 94
232 232
555 446
410 258
91 91
679 220
51 51
885 496
905 265
897 133
395 355
692 227
765 389
861 822
25 25
810 621
904 202
200 134
447 100
242 242
285 285
757 571
400 400
730 288
912 301
829 829
771 523
723 437
136 136
439 439
926 127
652 652
322 322
805 603
16 16
466 466
614 614
481 481
30 30
451 191
437 138
689 199
697 349
544 544
536 88
267 187
707 493
1000 611
281 281
83 83
336 336
310 310
926 252
194 194
502 353
119 119
958 958
647 647
364 364
145 145
585 259
426 426
870 347
461 247
355 236
267 210
663 101
750 435
33 33
183 183
780 266
439 212
986 879
107 107
399 399
320 320
14 14
174 174
794 780
362 362
338 338
963 393
255 197
285 285
866 89
572 572
462 462
912 663
325 325
63 63
863 446
417 362
157 157
773 175
803 741
64 64
587 299
677 677
486 486
808 386
910 300
237 237
784 49
902 809
269 269
137 137
527 281
72 72
464 275
881 843
589 210
398 398
290 290
647 58
288 288
3 3
385 385
902 341
188 183
148 148
132 132
364 3
603 70
135 33
331 331
752 752
789 789
526 142
907 587
812 812
911 202
721 721
927 625
67 67
72 72
359 359
351 5
443 246
695 695
812 323
700 64
942 102
604 604
897 690
87 87
401 401
175 175
731 609
352 8
119 119
834 834
242 242
100 100
319 319
252 252
981 785
779 779
420 420
941 138
561 561
678 678
449 213
160 160
491 491
785 587
165 107
169 33
376 376
842 305
944 751
48 48
323 323
80 80
980 481
588 473
463 463
388 388
964 437
209 64
17 17
42 42
7 7
586 586
919 422
297 297
21 21
446 446
754 124
830 25
280 280
678 324
727 116
381 381
357 357
493 237
321 319
392 392
384 384
446 205
577 577
485 485
523 523
914 391
382 382
531 531
87 87
63 63
453 124
773 687
504 504
177 177
313 313
589 495
852 852
644 644
107 107
961 306
300 300
655 27
19 19
826 184
674 657
770 487
172 172
839 379
129 129
632 331
891 891
774 592
184 144
877 264
600 565
67 67
654 654
201 74
892 892
119 119
679 679
43 43
961 830
1 1
493 493
823 363
253 208
23 23
471 471
152 152
806 96
878 69
429 429
621 621
422 422
573 101
505 245
271 271
944 392
422 308
871 493
721 20
945 183
845 510
237 237
111 111
343 343
430 430
443 443
319 319
941 98
652 652
18 18
860 9
274 274
99 99
947 90
243 113
682 541
958 610
702 213
360 253
831 10
846 192
842 41
548 548
33 33
532 519
535 403
211 211
545 437
613 613
216 216
761 506
67 67
647 350
162 162
805 689
645 325
817 427
779 779
673 82
198 92
38 38
675 675
391 391
879 650
794 248
941 757
893 503
485 228
491 491
142 142
418 418
36 36
488 488
997 454
414 414
29 29
189 72
689 356
773 773
832 769
269 210
526 526
92 92
362 69
206 206
863 8
634 283
848 232
848 848
621 490
832 630
962 130
517 140
134 134
889 464
104 102
114 114
350 350
810 633
1000 201
148 148
241 241
42 42
133 133
692 675
830 142
947 178
337 337
547 223
141 141
375 227
484 326
662 461
377 377
307 307
161 161
730 544
151 90
566 70
688 644
392 392
861 125
402 62
822 366
714 502
611 171
498 364
822 437
556 556
932 821
442 272
955 955
651 200
317 100
850 170
795 41
345 345
885 762
603 272
629 302
958 885
827 469
799 256
315 315
768 354
395 395
852 656
432 370
491 147
689 275
257 257
387 11
121 121
331 331
272 272
530 512
828 464
474 474
18 18
223 223
862 47
289 289
53 53
718 718
7 7
436 405
241 241
892 564
782 782
674 674
78 78
33 33
310 310
243 243
599 599
598 430
867 745
123 123
577 577
320 277
786 748
332 332
268 268
722 722
228 228
895 483
568 309
990 743
346 346
675 228
553 319
581 221
690 690
212 212
444 444
97 97
720 720
565 565
711 227
930 345
189 189
238 238
44 44
549 549
436 436
518 445
365 365
278 278
255 255
481 416
609 609
639 639
782 108
226 226
645 645
910 68
151 151
986 712
332 332
835 628
910 814
39 39
71 71
454 8
423 276
429 361
397 397
533 157
910 282
536 166
20 20
35 35
838 632
487 487
389 389
786 786
134 134
970 125
395 395
338 338
924 689
725 490
260 260
638 203
262 262
738 181
30 30
758 447
404 195
122 122
971 159
559 503
255 255
812 218
989 236
220 220
605 574
76 17
578 257
72 72
810 296
437 118
512 127
217 217
311 311
239 239
721 562
902 722
814 735
9 9
320 320
138 138
451 272
615 441
26 26
374 374
412 288
845 709
598 352
970 580
306 164
681 493
277 277
980 39
141 141
484 173
905 332
270 270
44 44
673 673
393 393
500 500
890 165
340 270
219 219
939 129
513 59
972 468
193 193
171 171
747 367
458 458
4 4
661 384
147 147
607 475
963 50
942 849
215 215
73 73
805 805
178 178
505 505
998 701
594 395
488 488
769 402
510 440
549 549
308 308
660 660
421 77
236 236
376 376
296 232
870 62
654 341
737 188
772 432
560 93
179 179
744 142
68 68
37 37
647 647
622 152
123 123
142 142
328 328
382 382
583 583
119 119
803 223
534 534
833 343
497 497
10 10
741 280
401 401
602 602
152 152
262 262
765 765
294 294
58 58
44 44
794 282
569 309
735 201
83 33
321 208
442 442
465 266
37 37
619 545
514 367
914 578
938 347
621 615
714 714
959 577
382 382
173 173
376 376
712 199
46 46
538 48
26 26
53 53
90 90
735 735
280 280
866 398
924 535
87 87
222 222
731 132
848 378
978 114
71 71
112 112
474 287
223 223
714 75
562 126
322 322
767 767
9 4
859 404
314 182
989 694
802 527
62 62
279 279
258 258
748 80
106 106
780 412
865 458
707 348
336 184
753 625
392 53
555 555
279 279
227 227
3 3
559 559
612 612
151 151
751 538
264 264
356 356
734 503
649 288
70 70
343 343
425 425
210 210
420 420
895 684
428 428
989 742
519 519
446 239
294 294
615 552
431 234
707 707
335 335
830 152
285 285
37 37
977 374
435 435
851 851
261 58
152 152
311 311
814 802
976 450
297 297
128 128
239 239
563 563
406 159
605 605
709 228
28 28
343 294
670 222
332 332
15 15
225 225
796 570
432 432
422 100
371 371
582 509
242 196
975 427
212 212
106 106
562 454
202 198
142 142
247 247
10 10
728 210
534 534
785 785
313 313
165 165
440 235
588 501
637 415
597 484
159 81
264 264
615 615
930 321
954 781
843 267
146 146
276 276
560 303
153 153
308 149
151 151
997 93
407 35
244 244
32 32
882 143
931 888
529 529
608 608
568 500
862 127
145 145
575 575
716 716
505 505
182 182
793 784
845 845
307 307
634 70
300 105
25 25
120 120
788 508
407 224
547 547
43 43
104 104
285 14
799 204
45 45
883 533
31 31
540 540
242 242
564 564
53 53
72 72
499 499
60 60
69 59
367 367
22 22
254 23
586 586
172 172
967 608
615 540
294 294
550 550
443 443
270 270
959 448
692 318
247 247
325 325
301 301
577 518
820 3
846 718
90 90
672 331
478 476
718 718
400 400
704 704
440 440
308 308
134 134
120 120
225 225
778 453
643 246
340 28
153 153
691 691
785 740
406 349
28 28
403 403
475 269
933 207
5 5
354 78
94 94
17 17
556 484
336 336
291 291
724 617
392 392
106 106
99 99
514 317
181 181
595 595
617 403
137 137
759 48
451 451
643 643
641 433
117 117
491 491
905 54
245 245
462 462
255 255
996 282
472 109
702 525
330 330
7 7
288 288
106 106
36 36
801 658
446 446
735 247
247 247
689 5
212 212
86 86
437 437
504 351
709 169
563 405
260 260
234 234
471 471
601 524
169 169
556 331
115 115
111 111
704 645
143 143
43 43
677 180
185 185
427 330
467 254
287 17
405 320
753 35
1000 419
782 377
657 565
5 5
688 133
297 297
271 271
913 450
407 407
600 513
505 480
577 512
342 342
175 175
19 19
50 50
36 36
431 254
282 282
863 592
487 2
167 167
757 757
823 386
678 178
844 255
463 463
520 520
38 38
337 238
794 34
711 471
577 577
767 767
292 292
351 310
422 250
949 396
83 83
897 686
993 792
615 615
766 570
168 168
902 470
132 40
795 334
458 307
331 44
227 54
971 404
213 213
458 458
571 546
624 624
762 264
765 663
958 663
46 46
706 380
257 257
311 311
594 474
812 129
431 222
68 68
814 243
253 155
766 556
836 628
178 178
677 335
874 872
464 464
132 132
536 77
976 602
790 347
865 176
546 546
566 566
745 745
745 154
186 186
871 329
818 785
542 437
983 206
517 517
914 804
676 299
749 59
813 695
460 423
818 491
489 180
590 513
119 119
712 363
800 716
89 89
218 218
639 639
244 244
74 33
230 230
899 685
582 330
461 461
263 263
531 531
684 32
649 171
819 646
47 47
860 727
656 656
512 512
25 25
415 355
988 544
650 338
284 284
95 95
915 858
626 626
352 235
832 502
924 149
967 691
91 91
722 256
568 486
25 25
360 85
68 68
577 258
560 83
716 175
714 394
597 136
553 281
779 779
104 104
147 20
593 593
983 749
205 205
196 196
319 319
153 153
552 552
363 314
245 245
85 85
766 523
621 621
904 483
530 530
641 552
913 626
331 63
207 207
530 530
265 265
807 727
63 63
983 483
175 175
878 878
693 693
101 101
936 347
82 82
1000 477
831 579
428 428
587 587
416 416
564 564
715 630
158 71
54 54
452 452
585 420
949 452
896 888
179 179
258 258
437 169
450 247
157 157
742 551
211 211
117 117
431 220
110 110
382 229
291 291
252 252
812 462
544 191
176 176
253 253
166 166
492 381
418 226
943 869
724 118
233 233
122 122
81 81
933 249
133 133
825 217
962 233
861 861
330 330
595 444
943 322
58 58
539 539
198 198
18 18
169 169
639 163
563 106
915 851
189 189
805 769
196 196
19 19
416 416
166 166
420 420
508 508
608 549
694 340
962 29
106 106
699 699
731 731
781 781
740 469
946 512
372 368
304 304
978 789
841 841
674 29
23 23
976 299
573 573
89 89
592 589
954 667
852 268
472 472
611 611
302 302
960 234
964 155
66 66
724 362
772 772
345 345
129 129
376 7
29 29
712 176
102 102
894 894
745 140
57 57
65 65
317 317
707 53
427 427
173 173
261 104
108 108
558 35
917 893
840 840
131 131
424 142
119 119
619 531
798 798
76 76
892 710
38 38
958 397
139 139
637 637
615 201
471 471
919 104
311 278
147 147
964 106
747 714
367 367
853 142
319 319
644 644
991 533
540 194
838 310
290 71
607 607
809 659
183 163
367 367
163 163
326 256
316 316
78 10
795 373
999 355
807 807
893 289
414 414
724 278
591 591
827 720
797 399
341 80
72 72
666 666
934 64
228 48
543 543
189 189
302 294
406 62
707 211
858 400
645 645
570 118
773 467
265 265
902 192
151 22
24 24
147 147
435 199
554 76
657 298
388 388
44 44
533 282
695 100
241 241
393 172
401 401
267 224
714 171
19 19
636 271
417 308
888 888
367 148
755 593
797 769
328 328
42 42
977 589
951 792
213 213
605 605
629 629
855 837
865 188
602 602
248 232
672 326
196 196
212 193
204 204
336 336
763 763
83 83
341 138
22 22
930 653
533 275
931 654
67 67
738 43
238 111
390 390
257 257
883 833
800 114
112 112
310 310
370 370
211 211
430 4
729 397
20 20
486 294
663 465
948 804
505 395
891 423
307 154
576 269
793 774
534 396
84 84
595 595
105 105
454 76
120 120
788 86
959 598
626 626
468 468
397 397
473 473
165 165
914 218
264 264
354 354
219 219
827 711
595 595
29 2
25 25
718 659
459 59
71 67
1000 705
551 375
716 495
224 224
953 472
863 331
646 596
258 258
201 201
18 18
673 649
264 264
111 111
892 23
282 209
768 768
417 32
419 35
435 383
425 333
290 290
720 224
22 22
405 94
998 911
157 157
970 455
424 424
604 604
791 337
4 4
822 26
515 78
477 282
703 255
856 443
892 472
310 220
524 524
215 134
350 348
815 455
90 90
279 231
12 12
83 83
895 895
821 716
320 271
32 32
307 307
593 174
12 12
728 333
508 508
724 655
347 347
804 244
139 139
604 604
427 427
596 49
897 338
343 22
321 321
141 141
920 115
861 159
616 109
401 401
177 177
291 88
569 317
950 946
710 710
31 31
91 42
610 610
215 215
817 161
835 543
711 711
881 261
171 171
514 409
312 312
864 42
433 433
442 320
890 148
246 246
705 618
664 140
428 428
97 97
828 441
963 282
854 709
24 24
507 188
323 323
813 813
870 659
42 38
698 663
157 145
5 5
135 135
542 120
589 340
844 844
291 77
396 396
270 199
841 266
359 8
286 286
300 300
487 487
944 571
846 846
363 363
945 588
68 68
752 752
690 690
724 321
402 402
91 91
539 467
529 20
925 376
688 688
936 367
408 305
449 449
881 881
599 397
597 19
4 4
739 101
423 416
302 302
644 242
624 108
258 258
625 625
717 717
655 437
179 179
801 385
536 34
447 324
356 356
348 284
58 58
696 696
124 124
554 554
682 624
547 157
769 565
285 285
912 421
555 113
789 615
602 602
566 566
77 77
964 866
150 150
274 274
656 656
771 347
250 250
449 449
318 318
770 299
551 62
93 93
304 304
163 163
778 282
552 209
518 511
40 40
976 278
302 302
388 21
480 197
410 410
982 948
989 413
953 115
306 306
449 449
236 236
487 487
612 612
681 681
717 691
684 511
358 358
771 469
808 100
717 717
119 119
13 13
302 146
875 681
491 491
216 192
553 553
46 46
804 804
158 158
528 303
907 19
594 199
532 182
288 119
232 232
772 343
817 356
699 48
154 154
5 5
125 125
773 672
237 42
719 170
370 370
729 729
427 90
922 270
670 670
776 387
971 261
374 319
439 189
465 20
779 484
524 524
780 780
978 415
254 254
704 316
146 146
29 29
567 392
969 407
180 98
939 458
348 348
927 46
154 154
396 396
379 113
348 348
451 451
772 772
39 39
491 491
178 178
992 892
595 194
564 564
35 35
974 218
613 4
765 376
182 106
256 139
820 492
161 161
859 29
529 529
650 650
21 21
717 538
757 132
523 523
845 606
975 605
565 565
508 228
915 915
769 208
288 288
796 273
176 176
675 328
387 387
69 69
401 100
903 813
634 367
915 560
250 250
627 599
564 194
443 421
814 814
452 452
922 166
605 605
132 132
588 588
959 840
851 244
587 296
901 136
777 513
879 428
687 435
411 184
342 106
312 74
56 56
342 342
712 712
221 221
34 34
981 125
377 377
615 146
199 157
75 75
447 447
475 75
934 480
773 58
528 443
646 583
791 243
945 177
479 479
846 279
204 204
640 464
101 101
911 911
114 114
28 28
943 587
67 67
138 138
342 342
936 649
447 447
409 137
794 253
518 518
560 560
657 555
958 36
518 518
375 375
572 572
639 571
35 35
495 267
968 380
612 612
12 12
266 266
195 195
662 202
680 616
906 84
733 9
409 92
223 223
50 50
913 813
521 521
431 46
224 224
363 363
574 157
165 165
662 662
522 228
32 32
671 671
204 204
63 63
394 394
464 464
351 351
868 120
778 148
236 236
5 5
982 958
575 575
559 49
374 374
715 589
426 426
729 729
820 648
172 82
829 651
380 380
291 274
500 437
118 118
428 428
993 338
6 6
44 44
517 517
670 45
378 378
480 480
601 383
381 381
32 32
669 669
663 663
713 167
882 182
665 665
492 492
440 440
870 736
417 417
37 37
779 710
410 410
120 120
434 434
19 19
590 590
104 43
837 333
805 368
229 229
534 534
88 88
759 545
931 931
386 122
106 106
472 173
799 799
692 500
410 410
419 292
714 489
960 322
314 314
340 340
102 102
746 548
564 564
585 585
960 113
50 50
728 457
825 825
422 104
409 252
812 190
704 517
361 361
762 259
306 306
281 281
852 552
817 218
285 285
666 666
626 432
39 39
699 126
187 187
747 576
139 139
436 436
190 190
399 13
73 27
513 446
344 344
209 209
631 3
454 454
340 298
587 455
663 663
673 673
305 63
334 334
494 494
402 402
767 378
715 676
595 531
461 461
921 363
991 755
426 426
354 354
555 153
994 241
992 990
407 407
125 125
789 789
205 205
175 175
534 534
450 60
788 788
141 141
313 237
215 6
118 118
377 173
19 19
58 58
410 410
161 161
170 170
637 637
15 15
673 673
935 186
11 11
120 120
83 83
892 537
233 233
598 142
623 623
127 127
917 106
497 497
868 563
205 53
834 244
423 423
28 28
423 423
778 310
475 17
859 859
519 18
314 314
127 127
1000 472
291 291
65 65
65 65
643 321
89 89
824 39
33 33
301 301
881 745
906 200
385 96
34 34
270 270
69 69
331 331
121 121
756 225
360 360
990 961
682 310
723 366
442 442
753 193
414 414
722 382
465 465
246 246
235 18
988 522
432 432
528 528
789 513
318 318
318 318
453 453
909 445
422 422
550 348
731 304
414 414
573 327
849 283
502 53
298 298
350 25
141 141
616 431
425 410
660 660
649 649
280 280
369 369
775 185
126 126
628 628
46 46
311 248
431 431
845 795
491 322
263 221
217 217
57 57
911 169
723 217
875 652
756 756
793 793
689 689
447 447
326 326
500 280
91 91
670 102
848 195
811 323
835 434
520 254
254 254
197 26
502 502
689 689
829 740
26 26
977 768
260 260
798 494
43 43
262 250
812 71
497 497
765 765
864 84
885 595
354 354
854 736
290 80
447 323
488 488
30 30
427 360
507 347
832 539
407 169
276 276
747 586
869 227
173 173
647 391
294 278
531 55
503 103
362 310
887 315
587 516
650 251
926 234
24 24
909 185
240 240
816 816
465 27
512 512
735 735
21 21
380 380
546 546
739 87
514 442
887 285
332 332
530 333
970 870
450 165
832 361
414 137
367 367
511 61
273 22
529 24
767 475
857 523
493 452
96 96
663 134
749 508
950 112
96 96
251 251
915 298
548 548
643 309
308 200
988 334
404 404
828 678
823 596
629 612
36 36
358 5
700 282
531 227
75 75
640 640
884 884
861 668
141 141
899 286
714 714
789 48
581 484
626 626
163 163
318 93
433 151
536 536
677 677
62 62
578 578
613 388
779 185
861 861
120 120
833 798
190 190
668 298
561 561
559 368
621 621
855 801
250 250
787 178
230 230
499 275
196 196
660 482
170 66
136 136
688 61
258 258
764 26
151 151
899 164
856 340
650 267
972 68
970 25
138 138
234 234
156 156
446 418
944 290
342 307
576 364
697 391
393 393
408 408
520 39
567 567
568 165
406 406
569 91
798 692
178 178
662 196
399 399
53 53
910 681
354 354
99 99
216 216
875 119
37 37
173 173
178 178
724 592
572 572
98 98
688 265
487 487
110 110
575 537
772 158
817 267
548 548
147 147
128 128
235 235
265 265
240 240
46 20
112 112
466 466
291 291
734 332
972 701
174 174
471 471
208 208
878 236
814 40
117 117
589 589
846 323
22 22
39 39
737 181
223 223
354 269
200 68
148 148
173 74
609 44
525 497
76 76
520 520
181 181
694 694
923 740
743 742
249 170
437 168
631 270
885 76
41 41
117 117
764 764
7 7
580 161
139 139
348 348
196 196
49 49
23 23
987 470
861 63
877 390
914 813
55 55
794 794
86 86
612 174
182 182
395 395
351 351
140 140
261 113
513 438
361 361
596 596
589 589
712 682
661 579
120 120
649 252
539 539
255 163
71 71
589 150
682 682
828 353
296 296
160 118
407 407
740 397
46 46
50 50
140 140
600 600
213 183
126 126
854 522
804 178
266 266
593 593
941 58
46 46
957 283
328 328
177 177
628 283
722 35
166 166
686 547
578 578
387 387
523 523
368 368
305 28
639 639
477 477
111 111
448 448
822 159
346 346
204 204
855 239
498 498
908 908
746 200
415 359
312 312
883 178
181 181
138 138
820 93
438 438
589 589
896 706
400 2
218 218
652 652
352 352
157 157
816 771
683 620
114 114
839 22
435 435
217 217
324 324
20 20
255 213
963 53
337 337
357 357
491 491
228 187
203 203
372 372
55 55
238 238
953 77
100 100
278 88
255 255
425 15
852 415
421 115
879 248
99 99
913 313
425 425
83 83
573 573
445 66
983 382
343 343
316 316
297 297
60 60
390 390
367 367
371 371
358 358
918 821
94 94
281 281
935 703
438 438
987 474
213 213
186 186
496 102
210 210
695 665
908 128
815 317
585 311
46 46
900 796
778 328
888 744
303 303
434 165
991 4
442 442
683 623
315 81
328 328
322 322
869 643
83 83
681 528
838 838
273 211
545 545
463 463
471 471
526 404
614 584
514 514
950 948
596 426
653 367
275 275
576 576
679 190
828 403
974 938
643 643
129 129
562 562
105 105
558 239
579 579
510 510
411 411
804 617
860 541
558 492
125 120
97 97
168 168
397 52
620 471
347 347
162 162
802 270
932 96
393 393
361 144
192 192
558 211
511 277
158 158
64 64
282 27
392 392
36 36
312 312
517 508
474 474
199 199
431 305
988 972
421 421
717 497
406 57
127 127
131 131
695 266
655 655
342 342
673 673
856 188
786 630
775 756
844 345
468 240
555 477
613 552
357 357
538 457
404 404
146 145
45 45
978 597
569 569
693 693
193 63
744 514
998 263
884 884
278 278
574 574
587 587
675 57
597 597
544 369
211 211
456 456
204 204
552 552
427 227
123 123
719 694
714 492
778 479
947 316
25 25
802 516
26 26
378 321
217 217
484 223
710 172
584 51
920 277
682 419
445 445
395 395
577 458
632 632
251 185
440 306
264 264
814 144
543 495
454 454
851 401
333 333
775 129
522 522
755 611
816 209
349 349
141 141
339 339
725 208
861 399
935 430
312 19
113 113
148 148
1000 945
726 726
335 335
634 428
720 695
257 229
465 177
240 160
742 372
785 157
437 437
170 170
38 38
612 606
528 528
422 422
313 197
583 90
94 94
635 616
88 88
909 719
48 48
706 508
65 65
638 365
739 680
488 488
368 368
968 731
527 69
785 785
46 46
178 178
509 509
430 430
422 114
555 555
752 231
304 304
426 426
247 164
996 49
770 770
514 275
562 562
658 586
434 434
708 457
234 234
489 489
183 183
796 616
648 291
846 133
292 292
334 334
727 657
981 796
715 715
446 446
699 684
724 223
627 424
807 489
51 38
910 240
475 414
1000 796
664 525
750 341
155 155
359 123
379 379
751 288
865 755
890 714
130 130
155 155
194 194
33 33
130 56
280 280
636 636
405 317
934 166
283 283
674 59
684 189
382 382
633 633
759 465
858 92
664 664
401 401
793 727
256 25
43 43
539 539
895 79
456 453
886 252
787 317
243 27
822 619
709 709
110 110
281 281
728 687
844 423
882 350
173 173
271 271
545 268
690 690
729 528
132 132
869 393
936 556
580 233
435 193
315 315
761 36
475 7
314 314
320 320
612 612
59 59
122 122
65 65
962 215
836 646
29 29
735 735
799 799
487 487
502 502
605 303
471 471
137 137
763 99
688 688
65 65
973 966
998 357
374 140
871 94
325 230
63 63
431 431
51 51
306 306
99 97
767 767
28 28
694 604
576 576
521 521
382 382
937 268
230 230
917 136
405 2
521 521
902 538
578 313
490 285
551 291
670 670
732 309
35 35
367 302
703 253
562 358
814 667
97 97
743 583
810 41
967 132
699 478
294 294
276 276
660 659
64 9
441 441
994 437
50 50
893 498
760 355
963 73
442 64
575 253
226 226
46 46
341 341
679 334
348 348
396 396
752 752
8 8
435 290
184 184
57 57
535 141
732 285
370 192
759 759
578 578
802 802
815 435
533 412
225 225
440 440
330 229
247 247
984 40
11 11
94 94
106 93
810 449
361 361
9 9
128 128
927 470
243 243
267 267
921 561
910 804
38 38
780 289
427 427
93 93
641 198
59 59
74 74
377 377
118 118
865 168
609 609
25 25
268 268
111 106
330 330
297 297
405 394
234 39
430 154
551 249
451 451
495 188
890 223
248 45
804 160
279 72
533 533
735 678
8 8
731 147
615 615
182 182
696 696
983 400
540 540
539 539
433 262
803 460
199 199
132 112
975 144
452 452
126 126
90 90
874 238
671 223
292 42
521 521
643 643
799 161
81 57
870 758
647 637
25 25
444 405
895 83
306 306
559 559
1 1
182 182
237 14
185 75
907 406
878 485
641 641
980 980
211 211
20 20
233 155
423 423
614 215
238 238
851 851
561 223
986 129
927 217
871 871
68 68
584 584
769 70
958 808
493 214
787 787
456 136
291 291
32 32
608 608
997 17
109 109
728 698
460 246
505 293
395 223
52 52
296 296
469 469
926 926
979 73
520 423
16 16
946 382
937 85
447 180
192 84
556 215
663 123
651 518
703 153
932 279
878 878
831 43
983 834
205 205
323 323
92 92
134 134
640 323
709 89
454 454
203 184
636 609
90 90
405 405
326 326
336 336
37 37
816 816
715 715
15 15
522 522
43 43
943 870
562 562
856 799
522 522
41 41
449 449
269 269
795 528
194 194
266 266
789 214
864 34
77 77
383 383
452 452
506 506
519 369
429 429
510 499
702 477
103 64
663 663
925 270
811 745
630 414
598 598
91 91
530 530
504 242
827 436
891 509
228 217
529 179
619 619
108 108
175 175
425 244
770 532
229 154
809 476
656 656
280 280
962 493
450 258
929 364
935 562
501 501
454 118
554 313
561 561
253 253
712 673
194 32
158 112
466 297
752 735
554 286
164 164
710 582
126 126
844 568
141 141
757 71
852 643
47 47
524 524
701 701
350 266
992 641
231 33
750 750
637 629
609 525
398 392
243 243
695 695
413 413
354 354
375 307
129 129
905 669
358 127
400 185
261 117
581 25
161 161
263 237
571 529
569 569
90 90
478 136
660 624
48 48
66 66
512 512
569 194
511 511
485 115
595 595
184 184
318 318
408 408
520 164
407 177
349 280
716 716
354 354
830 160
160 160
73 73
690 690
497 162
851 526
291 291
633 591
412 145
519 519
448 45
526 133
492 492
98 98
616 135
539 539
156 19
898 92
979 810
860 803
549 549
683 535
126 126
247 247
36 36
795 92
510 112
316 316
383 383
93 93
938 513
629 629
736 736
252 252
879 409
744 10
857 643
296 296
663 411
524 484
647 493
404 404
14 14
564 185
527 527
910 817
557 535
990 253
12 12
121 121
673 116
903 201
497 318
367 152
415 415
193 193
376 154
647 647
240 208
181 181
311 311
504 504
678 373
963 724
563 247
428 157
37 37
157 157
49 49
870 733
274 274
543 335
247 247
43 43
607 607
385 385
992 603
596 154
124 124
666 666
180 180
106 106
295 295
326 326
299 75
88 88
773 647
81 81
987 169
77 77
454 454
490 155
925 44
55 55
244 244
728 226
804 759
832 26
555 555
224 224
556 556
483 435
610 610
476 476
462 462
63 63
377 377
636 575
859 859
731 431
841 672
265 265
204 204
944 742
278 278
928 928
426 426
591 424
435 41
454 454
998 10
348 348
220 220
886 225
677 677
503 503
168 39
507 104
623 393
443 174
161 161
163 135
985 262
856 150
971 739
269 269
391 11
868 445
926 787
401 401
505 355
546 546
154 154
59 14
370 370
919 449
913 751
240 240
204 204
527 527
688 187
31 10
268 33
636 26
237 237
953 490
252 240
639 639
394 388
945 586
571 571
132 132
184 12
877 877
190 190
474 474
157 149
874 284
467 467
808 808
790 790
395 395
400 400
929 299
148 148
961 648
504 504
704 397
979 850
724 524
813 372
372 309
318 318
504 504
670 97
444 109
864 497
874 384
668 668
278 278
823 532
459 459
327 327
101 101
297 297
276 276
882 826
856 511
270 270
859 12
102 25
420 222
319 314
303 303
581 581
809 714
303 303
842 681
843 812
811 730
82 82
823 405
830 161
766 102
600 404
860 859
127 127
393 27
819 580
377 377
191 191
92 92
484 484
111 111
986 443
521 83
417 417
322 322
862 622
493 352
698 279
367 123
476 218
544 544
487 227
598 431
78 78
184 184
891 341
792 792
71 71
762 181
731 731
625 625
38 38
905 23
207 207
407 207
994 819
732 484
584 584
464 464
390 124
356 356
552 210
808 731
590 258
914 308
572 572
992 130
248 64
189 189
781 734
575 575
596 135
866 289
306 306
701 537
212 212
470 57
10 10
708 708
375 375
264 6
219 219
50 50
830 830
318 25
317 317
958 641
101 101
400 400
224 224
963 117
710 68
851 694
428 290
708 243
890 697
251 251
958 697
679 679
783 783
462 462
76 76
477 477
178 15
48 48
303 303
445 49
265 265
481 481
50 50
817 817
712 675
797 418
412 412
100 100
67 67
848 643
988 393
644 644
612 264
327 24
533 533
234 234
925 925
82 82
600 600
276 276
941 150
51 51
811 457
263 263
492 492
295 295
624 225
473 131
171 171
496 496
738 656
899 18
843 604
489 378
930 164
539 476
888 145
354 354
61 61
152 152
502 502
90 90
546 189
450 450
774 774
868 65
441 441
838 248
561 452
618 454
76 76
496 496
715 715
692 159
409 409
448 93
881 583
754 388
693 87
299 8
301 301
842 814
300 300
706 706
138 54
185 185
729 618
818 270
838 838
312 312
747 14
425 38
250 130
605 404
788 584
918 669
64 64
529 115
759 270
490 490
107 87
758 308
88 88
34 34
451 451
297 297
399 399
930 6
774 699
600 432
172 172
842 640
424 424
955 828
796 278
685 307
715 405
206 206
954 364
741 741
983 167
446 446
46 46
520 106
219 219
895 551
41 41
917 501
585 424
148 148
46 46
87 87
629 75
470 470
123 123
344 344
286 286
323 150
21 21
183 183
147 147
400 400
743 743
778 606
15 15
959 282
899 29
892 17
406 406
666 666
486 252
568 545
581 581
341 341
760 649
19 19
813 597
623 623
209 209
461 57
623 482
473 473
197 197
144 144
752 65
309 6
936 582
295 201
887 89
