250
200 400 500
90
200 400 500
110
600 300 800
599
600 300 800
0
200 500 700
100
500 900 400
300
900 500 100
100
100 100 100
99
900 100 400
700
800 100 100
100
700 900 100
100
300 400 900
100
700 300 700
600
700 600 500
600
400 800 200
100
700 100 500
100
700 400 500
500
900 700 700
100
900 200 400
100
200 900 900
100
600 400 300
200
900 600 100
500
700 500 100
100
900 700 900
200
700 300 100
600
700 500 200
300
200 200 100
100
600 500 200
100
500 400 100
499
200 300 300
199
581688 332032 683417
0
553681 807481 473235
510326
768628 95127 736834
114421
812804 263776 303528
113635
257316 94428 664563
106878
831359 651102 906409
111020
350511 585976 593310
331555
895979 543858 379400
292789
337614 516373 592594
2141
446692 762825 25646
273468
349189 962568 694161
245608
300767 592813 377025
130375
869813 136148 341632
160102
910600 613647 774435
262670
811600 112310 86790
554944
991136 429654 446688
736956
841608 693652 598924
531121
617589 832799 279395
120210
912165 68947 303618
304771
676348 184642 715271
518740
575632 177064 217412
543724
922976 52253 477251
670821
394948 936173 794726
257303
682139 383254 55820
659722
309354 748411 853456
231558
335220 755143 151982
202934
813974 940153 895660
502816
494374 484051 517256
220433
518016 48041 389718
156355
571633 628091 882112
74880
701356 110949 830395
181970
685374 170461 914256
143066
644900 378004 643198
462648
671694 917440 398164
52569
949753 92857 249445
32845
804377 896461 77278
581537
898319 264335 858433
404813
541312 289387 850267
5279
878604 583641 803141
293285
684460 186169 262753
104142
750831 898254 485843
710947
616075 694033 485924
271521
666809 902685 250059
275839
974536 187344 223423
960213
712586 956256 745242
211692
741809 733329 237931
596658
580677 188039 600604
186507
873325 978783 438844
433844
745737 299124 474498
367036
725051 32938 722454
189663
693195 722379 795750
491228
971169 131638 6039
378854
870341 49834 763355
140709
304107 117990 147266
148373
507883 887875 420942
416838
77418 24627 690313
57231
615107 550378 872408
568771
617709 292759 630130
176187
671914 249958 955145
401828
765279 413158 636217
549175
315470 697483 937236
19963
447945 24233 427354
313566
200974 269999 55059
74435
971427 752359 238674
397449
262070 157244 957686
144685
535395 329601 572486
386387
552523 146888 374483
421374
845662 774011 674260
290741
744174 958661 572325
468124
92346 667634 425176
45278
463972 287531 418835
230736
525956 817389 592642
110699
816650 966080 118035
798869
729063 833984 630193
180960
232732 906240 934838
132063
918927 414011 468168
262600
224299 730542 474772
19241
449420 360386 986589
59290
367007 253036 335348
304751
936687 626290 111618
838714
922390 220038 195479
818489
746560 917759 727034
145348
450009 970858 659350
12091
722072 640093 842109
82338
289909 928672 421156
272313
886602 223223 707298
528521
603362 81679 567103
575170
578825 111211 819157
435953
887033 864726 81086
417251
757598 951019 5885
571417
923177 101523 870446
413193
533534 765726 34896
246673
878351 917637 878216
698361
953101 147329 433837
113221
650198 784395 98258
388765
537722 754294 466450
120619
210339 103874 559697
201721
664098 649014 454683
653748
788183 995114 597071
744021
809070 260327 888466
427212
805088 191728 972577
409737
516811 6250 14547
380701
946640 211051 666849
851454
927417 862086 845800
337760
970642 204999 404652
278904
935927 409068 782412
460544
168492 152776 231912
18884
575883 148677 286357
507971
840377 305602 710475
827588
601396 117812 300546
24890
798780 43609 547021
292438
185322 89955 354095
146220
603133 555065 722516
472113
844339 897490 545073
6827
891706 998080 438624
760273
935530 660333 842178
14101
999805 54948 447484
635461
722842 956036 396712
86424
779209 39292 581250
733806
785499 216501 806289
687009
555166 966153 547804
159792
446906 886486 521664
76148
579108 245191 309061
28458
326108 129044 838096
281347
790450 907152 608246
277277
824532 113047 162657
74206
864785 523746 462570
121910
965514 167973 498877
138086
784634 231117 687713
771285
90259 341081 340152
24491
363214 517030 770498
323076
684439 142161 413303
225504
836480 681957 656190
575881
921090 510993 963701
878210
907386 134208 266804
725750
944413 292682 523370
678021
818544 929258 816841
222407
854925 756024 353458
142066
365313 213437 242858
224728
816530 940057 2498
403594
839697 482134 313268
516633
837506 863954 671854
86990
859984 812665 234784
280045
850710 885413 329773
239653
543175 481980 821921
119418
982725 742707 765425
532567
423008 629339 545942
286586
220265 65537 24361
122817
892581 874137 29673
178505
688653 389862 916790
64812
939197 49021 804583
691818
707261 961844 540063
706854
846179 458457 396541
611065
590908 866078 6798
205664
175991 322908 56651
67751
712778 263252 820034
244820
583607 318776 703572
372906
766150 772411 586820
121419
911471 374260 893740
123358
913210 282956 11660
114221
623821 131297 885877
375490
644054 731555 361202
411749
752387 733731 116215
66056
854554 629116 841589
693234
457023 851875 650829
428047
312466 372973 579875
294585
600639 103612 431483
353796
849174 629447 150913
223537
958443 282207 381412
936893
249750 321942 841118
152898
328690 50972 687421
277267
770781 9717 90515
63964
678684 14938 824731
267241
810912 692508 804479
116744
961558 329714 140962
74613
782732 326149 476566
299920
902293 257656 65671
875858
107734 584339 313855
40370
774902 331532 261837
169085
963117 651732 806185
745060
629025 35814 285719
60079
926141 83486 430723
231147
966352 165776 571471
872540
727097 16438 433243
434789
968801 274539 806940
832206
595424 267059 877533
15714
281548 868221 17039
173273
386654 101343 404340
271401
815934 259360 921109
53687
951594 711794 391250
1047
107967 238746 380675
95136
403031 686654 454920
265596
334097 975840 3998
297625
252605 6541 487058
172728
937599 807916 223838
726869
640528 353647 665560
65713
384011 828106 414822
307620
745055 768651 132220
130789
117482 432472 866837
2625
794506 940507 278402
601799
877135 236298 680840
69684
791445 664266 830094
554077
831044 19726 903507
290764
827341 252074 173746
10803
305314 612916 467111
247249
228610 932525 614298
222489
754525 880866 751047
346618
196558 523499 506801
58651
253466 218072 831407
172201
942767 913667 453045
611670
992275 213158 735008
25448
522436 137800 4590
411911
151774 393656 264284
135483
368729 81046 563621
352595
772866 211069 209444
273655
837867 97333 423012
616263
130879 676401 14307
113741
760694 77049 137029
708649
988440 306280 212215
315803
948069 749159 664059
254187
