24
4 3
1 2
2 3
2 4
3 3
1 2
2 3
1 3
2 1
1 2
10 9
1 6
2 6
3 6
4 6
5 6
7 6
8 6
9 6
10 6
5 4
1 2
2 3
3 4
4 5
8 8
1 2
2 3
3 4
4 5
5 6
6 7
7 8
8 1
100 1000
1 2
2 3
3 4
4 5
5 6
6 7
7 8
8 9
9 10
10 11
11 12
12 13
13 14
14 15
15 16
16 17
17 18
18 19
19 20
20 21
21 22
22 23
23 24
24 25
25 26
26 27
27 28
28 29
29 30
30 31
31 32
32 33
33 34
34 35
35 36
36 37
37 38
38 39
39 40
40 41
41 42
42 43
43 44
44 45
45 46
46 47
47 48
48 49
49 50
50 51
51 52
52 53
53 54
54 55
55 56
56 57
57 58
58 59
59 60
60 61
61 62
62 63
63 64
64 65
65 66
66 67
67 68
68 69
69 70
70 71
71 72
72 73
73 74
74 75
75 76
76 77
77 78
78 79
79 80
80 81
81 82
82 83
83 84
84 85
85 86
86 87
87 88
88 89
89 90
90 91
91 92
92 93
93 94
94 95
95 96
96 97
97 98
98 99
99 100
31 41
47 25
21 93
51 27
76 40
12 85
82 29
48 94
75 70
68 49
25 9
38 62
71 17
70 34
5 57
98 26
86 40
21 39
26 34
98 1
98 85
33 52
19 48
88 5
21 19
78 26
80 39
13 76
4 55
81 47
57 60
7 2
95 66
88 63
16 19
16 31
1 77
76 17
84 41
75 96
49 6
40 25
92 4
6 23
44 21
52 68
95 86
16 86
54 4
34 22
59 5
14 44
22 36
42 47
76 14
35 86
77 23
58 13
84 32
30 32
91 64
94 84
45 39
68 31
59 13
47 67
50 40
58 23
14 46
41 81
97 85
85 40
64 84
62 78
59 3
48 2
45 60
92 53
2 86
24 50
84 51
38 16
17 49
75 28
83 29
23 9
80 20
89 69
13 31
8 97
25 83
26 64
54 49
54 14
1 55
70 77
65 74
89 73
42 4
9 33
42 46
19 83
64 38
95 97
98 2
52 32
83 55
21 69
12 20
66 20
59 93
6 74
74 4
13 3
70 59
15 38
76 20
72 69
9 91
72 96
70 6
70 17
59 87
64 22
2 6
93 28
9 26
95 25
76 31
16 49
67 48
27 40
90 55
85 96
38 26
6 89
82 19
31 4
53 2
8 76
63 69
3 60
94 34
95 52
79 26
87 67
45 5
54 73
55 97
9 98
49 9
80 94
83 62
85 66
94 42
93 36
58 52
48 33
62 97
44 50
52 4
4 76
2 34
100 93
15 72
46 52
5 53
74 53
40 60
52 23
46 85
12 16
19 5
5 64
38 65
97 82
54 100
48 55
96 26
79 96
23 62
20 10
53 13
1 78
94 43
26 43
90 99
40 33
34 16
98 31
96 40
63 52
9 47
68 70
51 14
79 9
41 87
52 39
89 91
47 61
71 53
43 34
84 79
55 35
59 8
23 13
92 68
22 55
75 38
57 92
24 11
40 91
74 26
72 49
20 93
71 96
87 83
26 16
18 99
27 25
14 80
53 47
63 41
19 13
26 22
2 57
46 62
17 48
62 12
70 58
78 7
88 61
33 96
87 61
79 16
88 54
17 100
10 40
2 90
72 28
86 20
6 93
59 57
11 78
43 5
8 82
21 7
38 82
47 10
49 71
9 19
72 50
49 75
58 68
10 29
8 62
9 32
43 89
34 46
97 43
100 64
35 32
67 6
93 85
50 47
24 39
15 56
50 18
79 62
5 92
48 98
95 62
13 36
52 55
3 64
63 32
90 75
58 74
92 55
70 11
30 10
38 58
38 20
54 37
46 84
52 77
97 72
24 88
30 60
73 87
78 12
99 10
42 37
24 2
21 1
30 53
68 87
46 75
42 28
30 2
86 37
1 97
57 75
65 58
12 36
65 54
66 60
42 81
79 58
5 23
4 17
31 77
52 16
8 81
48 96
54 8
1 79
35 47
71 11
23 33
80 90
30 94
73 14
78 69
20 30
29 46
10 26
24 79
83 39
69 30
22 62
77 9
55 94
13 72
30 42
90 98
93 40
86 28
65 22
98 84
100 71
46 71
79 22
18 61
91 30
11 43
27 86
76 71
38 14
30 1
57 28
71 59
12 84
13 22
34 61
4 68
41 13
16 64
28 62
38 60
79 81
45 48
4 71
30 40
71 66
20 2
53 9
87 33
94 65
74 10
33 77
32 29
73 22
88 20
81 16
92 76
62 80
20 53
41 16
37 29
48 12
25 87
25 49
29 53
29 68
32 67
72 52
86 90
83 100
16 66
42 48
57 19
30 65
57 80
79 70
81 30
35 9
35 84
26 86
37 73
8 70
53 83
9 44
81 53
72 21
62 29
46 58
7 29
20 1
63 8
82 93
18 44
11 59
75 30
89 35
95 16
7 88
14 62
36 7
11 67
68 12
86 3
93 49
24 8
26 88
96 99
61 11
3 72
90 79
46 23
36 99
63 1
70 48
58 100
99 60
72 44
16 68
6 52
3 6
66 6
31 14
25 2
74 5
74 94
72 83
11 74
93 86
61 29
71 94
23 73
72 79
62 76
34 50
56 65
18 20
13 37
94 67
69 96
97 23
73 52
42 99
28 79
3 98
89 7
86 55
49 99
73 30
39 47
13 94
48 21
57 7
91 43
70 74
49 76
27 38
71 52
31 71
49 90
68 21
54 77
36 3
25 91
49 55
27 56
32 34
42 65
59 38
30 12
28 26
35 24
25 51
2 31
71 1
87 36
68 51
77 82
47 13
84 38
98 76
48 24
74 81
45 12
36 96
21 92
28 38
66 94
7 55
68 85
35 61
16 25
15 51
45 20
99 2
11 55
28 43
53 63
35 25
78 30
36 63
79 83
29 15
74 64
18 97
21 99
56 16
92 1
11 9
34 69
18 7
3 78
19 71
54 7
85 8
29 5
61 26
12 58
15 43
66 49
15 63
62 90
38 80
41 89
35 88
34 44
56 88
23 35
13 92
89 30
89 51
24 91
93 1
72 7
50 14
52 1
4 12
72 80
80 97
92 90
70 55
63 82
26 57
61 55
64 41
6 12
87 72
32 98
25 71
74 52
52 27
71 10
85 36
36 2
21 77
59 20
62 99
79 18
19 37
74 66
13 42
30 62
36 61
40 77
32 81
14 89
97 45
93 39
81 13
96 25
33 54
51 94
23 59
64 21
23 69
29 76
38 66
65 24
28 39
27 36
63 9
24 46
26 56
63 77
54 26
41 54
18 55
36 32
1 38
39 15
89 36
68 56
32 69
76 63
15 45
46 56
50 87
29 36
92 11
29 67
30 98
22 19
91 65
93 33
49 67
54 90
94 49
45 34
73 84
8 94
16 5
20 90
43 10
6 97
5 81
38 46
3 80
21 50
55 99
48 58
6 79
60 67
11 99
34 29
75 58
88 59
4 81
82 7
41 50
38 53
14 91
28 33
20 78
26 65
12 55
52 47
93 57
12 76
86 14
84 53
27 11
66 56
44 3
63 72
31 23
89 87
11 20
89 26
45 17
5 84
88 22
48 57
4 50
14 72
15 52
73 95
25 89
71 58
77 100
5 71
99 6
43 81
8 71
12 18
99 3
100 32
88 96
68 44
7 23
43 100
91 41
55 38
89 39
55 43
54 96
70 40
1 81
20 47
46 27
64 36
43 60
76 100
31 55
89 34
8 22
79 32
41 24
6 78
11 29
67 40
88 14
3 33
28 70
1 95
97 69
69 98
86 80
21 45
9 67
46 68
6 95
98 7
89 5
17 6
36 47
49 2
13 6
93 35
89 18
72 93
82 70
10 61
69 57
46 19
80 4
17 81
95 28
66 61
78 95
80 16
53 96
53 50
41 53
12 94
37 11
3 89
91 100
7 53
93 58
63 95
76 85
96 12
49 80
96 49
70 89
47 80
61 86
76 52
23 42
89 72
75 59
67 97
8 13
4 46
57 73
76 55
79 48
6 91
70 67
94 76
79 63
59 54
61 53
71 84
62 24
20 22
46 57
88 94
57 40
60 81
47 29
22 100
34 52
27 60
46 43
68 32
87 54
14 18
42 100
31 3
14 41
65 89
91 39
62 73
24 7
8 56
79 69
92 35
32 1
37 7
99 93
98 55
62 18
57 22
45 31
39 22
83 92
55 14
56 96
41 21
52 70
82 59
2 33
61 28
87 10
2 84
100 37
66 93
27 3
3 41
72 38
27 94
25 4
89 82
88 97
15 36
52 96
65 13
90 71
74 19
14 25
52 54
4 97
46 22
7 87
88 6
12 21
16 29
64 85
16 97
65 3
21 82
56 33
20 55
49 91
90 82
33 97
46 53
83 94
19 99
36 25
34 23
13 1
36 86
72 53
86 54
68 33
68 10
2 75
37 87
44 82
60 1
69 71
87 78
1 87
63 28
3 26
74 69
1 47
63 31
57 82
61 68
88 15
55 66
88 82
60 83
42 8
14 11
59 67
54 58
63 20
14 95
14 81
60 92
32 22
44 98
61 73
73 1
24 70
99 13
58 62
29 59
75 31
56 44
83 27
63 3
8 27
51 5
74 61
67 20
14 70
49 11
85 2
100 1000
1 2
2 3
3 4
4 5
5 6
6 7
7 8
8 9
9 10
10 11
11 12
12 13
13 14
14 15
15 16
16 17
17 18
18 19
19 20
20 21
21 22
22 23
23 24
24 25
25 26
26 27
27 28
28 29
29 30
30 31
31 32
32 33
33 34
34 35
35 36
36 37
37 38
38 39
39 40
40 41
41 42
42 43
43 44
44 45
45 46
46 47
47 48
48 49
49 50
50 51
51 52
52 53
53 54
54 55
55 56
56 57
57 58
58 59
59 60
60 61
61 62
62 63
63 64
64 65
65 66
66 67
67 68
68 69
69 70
70 71
71 72
72 73
73 74
74 75
75 76
76 77
77 78
78 79
79 80
80 81
81 82
82 83
83 84
84 85
85 86
86 87
87 88
88 89
89 90
90 91
91 92
92 93
93 94
94 95
95 96
96 97
97 98
98 99
99 100
87 66
34 9
79 66
37 80
10 28
46 10
26 34
13 65
5 29
13 53
44 10
30 11
60 76
33 81
51 45
11 48
47 92
82 25
1 79
10 58
73 26
60 4
6 84
53 50
16 14
81 13
94 55
45 56
100 58
96 80
73 4
23 85
35 49
78 67
60 90
96 79
59 93
29 98
60 68
63 52
29 69
58 7
28 59
84 59
78 43
9 30
57 34
33 37
38 42
17 74
77 81
65 76
58 69
63 89
66 98
60 3
95 42
8 35
17 22
55 88
86 51
53 3
65 56
75 64
96 32
36 11
55 92
79 94
77 2
90 36
86 21
32 43
18 97
56 99
42 99
6 18
17 6
67 73
50 13
9 33
37 13
86 40
16 32
19 86
8 4
89 39
93 78
38 7
38 69
37 5
23 87
97 90
58 60
68 38
96 34
49 57
61 10
87 79
18 24
35 7
88 94
70 84
88 40
63 32
43 45
59 20
27 89
38 63
94 68
29 92
56 87
29 37
97 79
71 91
36 66
90 100
57 70
14 65
43 80
63 22
22 56
97 89
64 90
93 67
96 26
51 65
20 81
78 87
99 92
62 60
9 93
36 69
90 96
96 98
98 17
60 94
28 76
40 18
1 10
94 47
29 7
83 55
65 25
39 91
66 78
28 18
94 32
47 1
31 69
27 9
77 75
51 85
42 6
78 27
65 73
98 30
46 8
86 12
2 12
53 47
10 21
93 6
19 64
96 81
53 100
55 81
56 95
13 2
77 91
71 8
30 8
78 54
37 96
60 43
41 67
86 69
63 15
37 90
25 62
36 25
97 66
23 18
59 41
27 80
22 14
99 54
15 94
26 24
18 8
88 2
38 31
36 24
83 9
48 24
85 9
100 97
73 48
73 90
31 43
84 15
25 56
5 13
80 77
48 35
5 42
50 29
15 49
14 54
87 58
70 54
70 62
88 25
31 39
47 40
49 77
55 34
100 17
20 84
70 59
60 5
52 43
67 8
75 88
93 99
21 97
51 74
61 37
2 62
36 54
1 93
53 66
98 63
36 10
76 61
74 77
68 78
17 56
8 65
56 21
83 5
7 2
1 62
45 13
25 75
59 23
35 39
10 98
16 38
5 1
26 74
8 63
83 66
20 29
17 46
19 55
71 90
54 23
74 29
94 13
74 58
3 66
53 72
97 86
39 44
85 60
94 43
84 56
39 47
37 88
79 38
13 69
19 45
8 51
48 98
99 68
66 24
22 53
99 88
42 29
2 82
91 70
57 46
96 69
55 64
87 40
63 90
84 43
11 18
95 49
7 77
79 31
6 46
31 3
92 88
89 58
41 68
58 53
5 59
47 91
40 16
100 36
66 28
8 11
27 47
24 88
58 76
25 17
5 95
13 39
31 18
14 61
1 53
98 2
84 97
17 86
53 15
45 91
85 67
2 64
82 14
2 6
15 36
99 16
33 15
64 92
17 7
94 74
39 100
6 74
78 41
19 84
32 36
2 76
29 2
75 8
98 81
97 68
71 38
9 4
24 41
91 88
93 52
23 67
9 60
4 22
78 55
84 73
72 7
79 43
84 61
4 99
79 86
18 83
3 71
58 83
3 12
11 45
46 16
75 36
26 98
45 68
14 34
73 59
46 83
82 73
17 71
73 98
95 61
5 99
87 67
29 38
97 59
26 85
37 31
19 52
65 74
20 18
14 57
76 14
92 17
83 11
34 27
63 35
31 21
76 82
48 5
99 65
64 80
22 41
94 67
30 66
82 96
23 9
68 13
89 79
98 39
80 47
79 17
25 51
55 25
23 17
37 77
94 52
75 61
53 46
51 21
24 51
50 15
12 60
18 34
53 39
46 72
48 37
15 85
83 50
18 100
68 86
21 47
61 56
8 20
24 6
94 51
70 83
67 21
18 56
6 13
27 25
54 43
87 19
54 80
26 64
55 31
58 75
73 14
69 87
56 11
82 92
54 71
95 20
72 48
86 59
22 85
21 49
72 57
27 11
21 16
21 63
37 70
33 14
48 55
51 92
24 99
80 86
89 2
81 64
44 61
37 47
25 100
58 11
93 80
26 63
7 60
29 21
97 33
31 73
23 8
95 44
79 68
63 7
51 54
2 42
81 41
71 6
99 41
50 5
84 57
36 21
96 10
46 73
86 74
73 29
4 19
62 42
83 96
16 4
84 51
74 13
2 73
66 77
28 87
6 98
83 56
22 80
3 94
18 33
27 8
42 78
79 73
24 57
67 3
49 54
38 84
79 63
87 15
31 82
18 64
72 63
3 38
64 87
72 27
43 57
99 69
28 91
77 51
33 87
17 59
57 50
17 75
34 12
91 25
24 58
80 69
7 93
9 14
68 6
39 78
75 62
68 9
16 66
44 98
44 26
77 20
29 57
9 39
95 83
19 51
88 77
68 16
90 54
100 62
4 18
28 75
45 12
37 85
96 48
11 71
33 30
78 26
46 69
6 85
28 26
52 24
100 4
57 63
87 62
15 45
82 5
14 53
6 77
33 71
74 24
56 53
68 7
93 43
36 82
74 19
48 59
44 20
49 25
46 49
61 34
19 67
45 10
78 40
97 19
43 76
71 41
79 92
69 82
73 70
63 96
88 56
81 99
2 70
19 85
75 33
79 56
9 90
95 80
50 4
35 22
73 61
100 77
42 94
34 78
52 76
51 29
37 100
1 60
41 96
25 84
15 88
31 23
72 91
90 86
17 26
26 95
1 82
22 69
16 9
2 100
22 68
43 10
28 43
24 91
85 47
39 51
31 35
45 7
91 15
42 3
99 11
70 78
22 36
48 40
31 63
73 53
54 19
4 98
89 68
100 56
58 62
4 57
73 21
33 6
25 90
22 3
93 23
46 64
11 91
21 43
41 80
72 83
32 56
86 63
49 94
80 28
70 93
13 10
24 61
49 68
82 91
70 33
28 22
4 94
51 56
23 72
84 36
12 38
45 9
38 40
24 32
95 31
23 78
93 61
50 75
16 58
75 65
37 75
23 34
41 95
50 88
45 17
79 49
22 93
12 32
34 17
17 96
13 99
30 89
11 60
79 3
1 22
92 5
18 21
57 61
17 93
72 51
86 100
14 96
68 50
35 81
88 23
13 55
49 6
69 6
61 43
2 83
7 82
17 60
96 77
2 27
30 27
73 91
2 45
73 1
70 32
37 86
97 6
46 13
60 31
37 62
26 56
38 24
59 75
95 48
6 78
32 20
58 8
69 71
1 32
52 42
91 5
43 5
47 25
83 98
43 8
98 31
16 52
1 88
31 88
49 3
71 7
6 61
67 38
40 8
5 90
65 1
43 22
100 66
44 48
53 65
64 6
67 74
73 97
15 11
96 21
97 61
22 31
43 99
13 59
86 98
7 59
63 39
99 38
5 67
70 18
37 26
54 9
3 46
34 92
49 100
47 5
86 57
9 37
16 85
33 39
97 65
19 1
5 24
32 48
62 30
60 24
69 74
29 71
64 78
32 59
90 95
7 14
72 31
34 86
26 60
51 14
38 74
17 24
90 19
60 53
90 22
76 18
83 61
46 5
63 24
90 51
34 28
10 83
80 9
60 10
42 11
73 28
67 82
4 59
51 63
9 46
43 41
24 70
41 12
73 89
90 35
3 15
26 76
95 55
29 68
16 84
7 90
6 36
95 92
72 29
87 3
85 79
70 26
44 18
55 7
19 29
16 29
80 55
26 41
42 8
40 21
80 18
11 21
96 86
28 17
26 83
23 97
36 73
20 57
44 62
88 8
23 62
83 36
44 87
99 8
36 45
5 34
69 56
62 13
75 16
28 35
89 41
41 9
56 31
50 1
77 64
35 77
76 71
5 26
100 65
15 52
61 87
52 8
72 59
53 98
67 100
66 43
30 17
28 36
28 55
87 100
55 2
15 20
44 25
82 74
56 49
69 45
36 63
10 3
93 13
17 27
13 8
95 13
36 72
19 63
85 44
37 3
69 89
24 82
85 8
58 29
36 44
55 10
48 97
32 87
61 11
87 52
79 72
55 15
26 45
20 55
84 17
12 64
7 91
100 1000
1 2
2 3
3 4
4 5
5 6
6 7
7 8
8 9
9 10
10 11
11 12
12 13
13 14
14 15
15 16
16 17
17 18
18 19
19 20
20 21
21 22
22 23
23 24
24 25
25 26
26 27
27 28
28 29
29 30
30 31
31 32
32 33
33 34
34 35
35 36
36 37
37 38
38 39
39 40
40 41
41 42
42 43
43 44
44 45
45 46
46 47
47 48
48 49
49 50
50 51
51 52
52 53
53 54
54 55
55 56
56 57
57 58
58 59
59 60
60 61
61 62
62 63
63 64
64 65
65 66
66 67
67 68
68 69
69 70
70 71
71 72
72 73
73 74
74 75
75 76
76 77
77 78
78 79
79 80
80 81
81 82
82 83
83 84
84 85
85 86
86 87
87 88
88 89
89 90
90 91
91 92
92 93
93 94
94 95
95 96
96 97
97 98
98 99
99 100
73 55
67 53
31 5
39 77
48 17
30 18
13 38
86 19
94 45
43 93
45 20
24 2
91 30
51 66
6 95
15 11
78 73
99 77
93 25
49 46
28 36
39 80
50 83
3 79
18 79
78 39
34 74
64 11
45 57
30 89
56 78
100 27
90 17
3 7
16 40
40 25
92 31
23 29
49 54
30 66
98 70
7 96
32 88
64 34
67 94
66 47
33 75
83 98
60 48
85 34
3 20
38 20
97 78
75 10
63 92
93 57
9 86
80 19
23 48
66 44
98 92
49 6
11 88
85 19
29 36
79 22
90 65
18 23
43 41
81 48
25 74
25 46
89 50
17 96
85 48
96 39
60 93
12 88
18 3
51 30
15 99
100 98
27 99
50 17
12 15
13 39
49 36
83 24
7 33
55 61
12 53
64 82
8 52
48 28
76 46
96 24
60 19
72 80
32 63
87 43
21 85
89 32
24 18
78 87
35 6
97 63
41 1
29 63
47 13
94 30
62 90
43 18
15 43
28 38
44 95
45 52
44 42
94 6
12 6
33 97
36 77
8 31
72 26
51 25
65 99
18 90
99 5
54 46
21 67
100 29
14 55
95 49
39 64
85 68
61 45
69 77
71 50
2 31
49 45
33 10
20 64
52 100
59 21
97 46
8 30
2 23
20 1
43 4
10 66
60 56
15 72
97 35
63 34
92 58
89 99
8 46
74 43
70 96
94 99
94 73
85 79
90 42
41 46
20 71
90 54
65 76
97 32
76 42
75 73
42 79
34 58
6 38
30 69
60 51
61 14
63 27
97 89
15 60
23 39
52 25
56 54
92 50
75 90
7 54
16 75
52 64
51 92
2 18
97 57
26 23
72 63
100 78
92 27
26 2
78 51
97 50
27 74
71 16
94 79
98 89
92 74
23 19
17 95
49 84
36 32
21 75
51 85
49 43
93 30
12 30
37 85
35 12
46 58
7 52
58 8
94 64
27 80
33 19
16 29
73 58
45 100
41 62
40 68
4 59
54 12
79 45
45 86
43 100
45 64
48 26
14 77
47 97
75 13
77 86
14 73
35 44
51 74
90 80
72 97
22 71
4 60
88 34
52 47
34 20
34 40
20 28
12 48
63 54
16 43
39 62
19 11
58 56
27 75
33 94
37 24
86 79
74 29
62 54
75 22
56 50
62 28
78 98
49 85
73 91
35 99
96 81
1 78
31 34
84 53
63 17
16 31
56 64
39 5
88 95
31 63
13 32
27 71
79 2
61 79
56 97
78 18
93 47
95 79
16 73
7 9
56 84
66 11
26 3
4 64
53 87
29 55
56 47
65 3
27 25
18 89
79 91
92 54
25 64
27 11
58 21
20 17
49 32
32 74
39 76
62 33
87 98
97 42
82 51
100 40
25 56
68 82
97 17
82 10
93 29
57 96
99 3
97 100
13 21
90 12
28 26
36 68
66 34
36 26
24 63
3 61
50 69
51 48
8 44
22 13
10 57
68 27
2 43
33 77
10 93
11 72
14 62
10 1
35 8
49 5
62 73
49 31
14 64
26 9
60 65
67 8
89 49
20 4
57 37
70 66
19 54
77 87
26 88
92 42
34 30
38 5
4 51
14 86
69 28
18 33
16 12
96 6
31 89
66 56
25 50
68 25
97 5
53 79
84 43
17 15
98 69
29 58
33 69
92 84
49 80
52 89
82 15
3 25
14 10
10 79
39 57
20 99
16 26
28 82
46 6
72 70
61 44
66 29
77 4
48 14
77 26
4 94
86 17
41 75
2 81
45 5
3 17
38 9
32 98
88 16
73 76
41 72
12 7
90 81
72 89
70 45
37 16
32 58
4 87
57 17
84 40
60 97
66 38
3 89
34 22
68 33
37 80
77 71
24 55
85 16
95 37
67 5
71 60
81 15
9 23
42 31
55 13
33 31
90 73
86 43
44 53
72 7
45 29
85 63
92 37
30 11
85 78
89 64
25 92
64 41
38 76
77 10
78 49
2 30
61 1
24 11
24 60
92 69
46 90
40 74
79 69
50 30
26 57
77 84
71 1
77 85
33 100
22 96
64 19
85 14
53 18
45 78
48 18
20 18
20 37
55 76
15 74
1 49
15 71
100 34
71 93
95 70
90 44
8 95
76 70
20 14
39 87
71 51
7 99
81 99
16 98
32 99
2 59
29 38
80 93
31 17
93 45
60 22
59 46
67 52
69 81
74 88
67 35
39 1
13 98
57 72
69 88
71 42
76 88
10 24
52 3
34 9
55 6
100 84
23 69
52 1
68 81
60 31
67 55
42 68
98 63
30 67
65 100
11 99
79 33
99 64
95 77
87 14
22 100
94 34
94 55
7 19
74 3
93 66
77 9
45 13
84 36
35 77
20 94
9 72
78 33
25 13
15 91
70 94
70 29
14 47
69 56
41 69
63 30
90 52
40 18
92 47
38 42
80 99
2 85
70 3
81 92
78 58
30 9
95 74
73 39
9 14
21 7
84 1
85 17
13 43
1 29
65 31
34 95
32 17
83 95
89 9
41 84
6 81
48 88
50 10
92 8
51 79
3 22
90 15
23 100
83 26
13 40
5 29
18 64
32 57
99 44
8 21
19 46
98 46
72 22
43 48
26 15
62 24
24 86
97 20
24 42
8 40
42 45
4 25
77 90
97 22
99 40
52 37
62 76
88 86
90 41
82 19
91 61
16 94
69 74
77 96
60 1
32 68
6 90
95 76
84 71
24 41
5 10
30 81
1 72
53 50
97 23
71 46
25 5
63 95
58 95
86 39
65 21
61 18
80 9
76 57
82 58
31 84
68 28
90 72
8 88
31 57
13 18
41 48
90 24
39 59
17 94
42 23
9 13
95 52
51 94
79 40
6 34
48 2
45 56
90 22
39 8
25 12
89 8
71 37
55 46
14 17
25 90
8 87
31 55
10 26
94 27
2 84
95 45
11 78
89 68
70 48
69 6
82 80
44 51
28 51
77 18
75 79
39 7
83 96
7 37
29 48
22 24
53 10
9 75
59 71
47 18
9 4
46 69
4 57
28 44
20 9
91 5
98 4
3 95
11 46
77 100
83 86
72 24
62 96
10 97
28 71
56 71
22 5
38 22
20 29
29 39
14 3
83 2
4 6
23 72
36 90
55 97
1 19
18 21
20 52
16 14
14 6
58 20
95 21
96 12
81 63
39 97
94 24
3 23
96 47
28 34
53 34
24 57
76 27
21 47
58 6
44 39
77 41
46 26
13 50
28 97
84 44
66 74
95 24
47 63
78 27
83 40
30 15
55 7
39 81
78 76
24 31
4 19
32 24
24 4
75 15
93 33
17 34
55 74
24 33
30 90
36 87
89 55
53 47
2 97
77 23
87 59
8 27
79 17
6 73
12 61
94 86
15 95
75 29
3 13
85 24
18 83
94 82
29 81
69 13
24 46
13 65
56 70
54 75
96 78
7 95
1 32
70 34
85 80
14 7
47 25
76 87
45 37
29 65
21 94
86 3
50 82
65 7
74 22
67 64
25 17
61 36
36 62
49 61
33 37
53 35
82 3
40 86
62 43
10 99
67 42
27 97
78 63
36 47
1 57
51 59
6 16
88 52
47 4
66 48
40 22
2 70
89 75
61 80
87 60
43 30
10 38
10 6
94 23
82 95
16 5
81 51
34 15
63 82
28 67
26 21
30 84
32 43
2 22
8 60
35 46
33 21
61 98
26 54
1 75
73 53
93 65
33 35
25 82
84 91
90 58
6 44
63 28
29 85
66 83
81 37
45 60
62 77
72 21
17 13
89 34
13 89
46 53
80 92
30 64
48 4
26 13
2 60
54 47
1 70
1 17
50 44
7 83
15 10
96 50
54 17
99 21
5 23
42 26
52 10
3 40
27 46
59 96
15 36
47 41
19 70
9 15
43 22
70 97
11 47
13 80
80 46
22 76
96 5
60 32
20 69
62 67
67 54
46 86
6 33
15 44
40 73
57 79
17 46
86 58
7 88
98 62
20 98
100 41
66 73
58 97
49 93
55 90
84 14
84 97
84 3
16 20
26 69
31 85
5 68
100 820
20 34
72 34
12 56
20 58
12 4
76 53
24 44
36 39
44 62
18 86
24 5
54 48
43 80
74 84
17 87
58 21
3 19
62 29
46 8
27 53
78 55
95 97
24 100
85 98
33 48
89 38
67 85
53 24
98 46
78 27
8 70
4 19
43 72
55 23
39 77
41 25
80 67
53 63
19 82
63 90
36 57
84 46
69 59
41 22
90 4
50 78
97 47
96 75
84 94
43 53
16 45
13 32
45 91
10 100
51 79
60 21
80 25
64 2
87 33
13 73
13 28
64 99
3 37
95 88
4 9
71 20
17 38
16 53
1 98
91 84
24 91
65 70
48 38
80 21
52 42
75 19
32 49
50 70
74 35
16 10
51 90
86 59
93 43
45 89
56 21
5 78
96 56
8 15
88 75
22 47
85 59
55 89
22 45
44 59
3 91
27 4
96 65
22 23
31 67
91 43
5 46
81 86
22 18
15 71
82 92
82 55
8 43
92 63
54 14
70 84
51 26
14 61
39 62
49 38
47 46
65 10
59 77
39 78
25 47
50 91
51 66
44 43
11 31
54 1
61 29
80 60
2 63
35 98
85 80
63 48
79 89
21 19
11 38
70 3
17 49
11 95
91 56
7 13
54 25
59 10
23 13
89 71
81 87
44 57
44 84
41 47
57 80
99 38
36 30
12 68
60 86
69 14
1 66
52 82
54 65
100 70
80 77
100 39
48 6
47 57
19 42
71 27
52 4
43 89
74 24
68 37
68 13
30 12
52 96
8 54
51 40
73 81
74 67
31 78
51 80
82 1
59 56
38 9
3 55
59 12
12 48
45 82
9 97
20 47
70 79
30 63
19 27
74 44
10 96
54 30
21 13
36 48
52 5
61 92
16 62
35 31
6 66
87 15
11 80
47 44
26 7
35 63
37 50
4 14
11 25
2 48
25 61
54 15
40 56
67 65
50 72
37 76
3 53
60 85
56 70
69 96
65 22
61 15
4 10
83 72
64 58
81 92
77 98
50 16
98 66
85 18
86 11
38 100
49 91
34 35
33 98
43 60
92 36
13 86
82 61
88 92
100 16
63 15
100 28
10 1
33 86
62 59
23 64
29 6
6 5
35 84
91 29
71 12
21 33
52 94
53 14
19 10
32 73
39 32
18 32
17 92
15 17
39 13
72 60
25 44
93 20
13 49
98 44
8 45
39 85
52 72
90 76
98 30
89 20
89 59
60 22
77 49
94 71
27 55
41 12
6 40
7 84
59 36
18 33
72 8
97 67
2 90
8 99
73 54
91 61
83 88
12 83
2 11
29 100
56 17
63 3
72 85
4 55
10 44
92 93
17 74
26 44
1 16
47 65
68 92
17 33
2 41
99 33
18 40
39 65
37 47
83 25
80 54
64 76
34 1
79 10
46 38
50 5
31 36
83 76
5 87
13 65
12 74
8 53
57 15
95 51
98 79
53 45
79 64
4 31
71 7
83 54
28 50
58 36
74 63
56 28
67 79
58 84
57 43
87 39
87 45
69 33
26 23
33 61
32 47
72 39
71 23
19 62
24 73
81 17
1 79
28 8
39 68
20 53
53 56
93 91
21 69
54 16
98 26
22 98
33 84
63 71
88 7
46 45
28 7
67 12
21 54
10 68
46 11
92 60
20 91
72 29
71 59
1 35
72 33
12 6
91 90
100 45
62 15
82 85
52 20
58 56
26 41
38 68
55 69
29 32
34 12
64 16
17 30
78 83
75 4
50 67
58 42
19 29
36 76
7 39
91 26
88 2
5 93
59 74
49 24
52 60
20 24
88 29
64 96
51 96
12 77
5 45
53 5
95 25
84 81
100 14
36 15
26 54
63 84
30 22
74 78
26 64
31 33
18 91
43 54
6 74
33 83
43 1
32 94
17 20
71 18
45 12
70 78
56 99
35 82
38 88
75 22
60 24
47 99
13 2
88 97
55 44
71 50
4 8
24 21
35 57
84 14
47 60
98 29
96 55
60 32
79 59
69 95
25 38
5 25
33 24
42 44
75 61
51 32
14 98
4 72
16 90
12 11
92 15
55 67
33 80
58 11
66 48
48 37
12 87
84 5
95 63
48 9
91 38
57 67
87 26
45 93
25 16
2 42
34 67
80 84
35 51
20 69
91 85
55 85
44 35
69 42
71 26
16 22
32 20
55 32
70 67
94 56
18 88
59 24
68 41
94 30
55 8
33 51
49 95
35 18
49 15
3 69
5 94
17 70
49 78
49 27
98 57
73 8
36 99
83 97
17 50
67 9
68 80
45 24
54 82
98 28
3 90
93 11
19 72
85 32
68 63
94 44
29 71
67 92
29 47
94 76
29 51
95 87
48 94
28 14
5 99
49 34
33 89
48 53
85 73
90 85
14 37
9 90
72 62
95 68
86 28
76 7
47 63
17 63
63 82
71 78
32 53
81 41
39 93
71 8
49 57
77 44
72 35
12 17
66 54
22 64
15 68
10 57
9 42
52 36
63 34
15 35
70 52
52 48
69 73
41 76
23 63
49 61
60 11
17 31
95 96
24 30
11 1
82 83
16 18
23 99
60 19
8 42
35 40
89 27
11 78
38 85
82 15
58 60
90 87
27 47
89 53
84 87
99 32
76 61
39 1
8 50
13 37
76 59
35 21
96 89
33 78
81 80
90 17
4 88
57 83
18 2
11 77
18 62
12 40
65 1
76 32
87 71
38 47
46 77
44 54
3 12
81 32
58 6
84 98
40 48
68 1
18 19
40 66
80 41
47 85
63 24
58 23
92 37
28 3
80 30
85 69
79 49
68 61
53 37
27 42
83 100
96 29
28 58
52 95
51 27
69 91
3 42
70 30
32 14
94 54
68 94
91 76
10 35
93 98
69 36
99 16
31 39
64 38
68 50
20 79
75 35
12 19
77 52
61 9
40 83
36 14
97 20
7 15
24 9
73 93
30 57
16 52
89 52
68 57
84 55
13 81
46 40
88 45
76 39
73 14
64 93
77 38
36 94
49 28
10 49
12 92
71 77
12 8
20 30
35 12
68 35
94 93
37 64
63 80
1 95
72 6
77 36
97 81
52 30
57 90
1 63
13 77
52 44
35 86
82 67
31 46
47 56
25 29
95 58
8 51
29 80
76 79
98 49
27 32
4 36
42 68
79 5
61 95
79 7
8 44
46 21
22 21
73 78
62 60
72 22
40 41
99 44
95 45
48 70
95 82
95 79
34 51
80 59
28 22
59 91
88 82
94 3
80 71
61 41
87 9
70 97
93 32
45 13
27 68
25 36
89 40
88 55
37 19
5 20
84 99
45 25
98 96
39 83
30 9
93 21
24 12
77 79
8 37
27 61
16 4
3 98
75 59
16 97
10 24
100 87
93 96
27 39
35 22
94 41
69 31
15 9
89 70
31 98
37 42
31 53
84 53
67 58
76 60
68 62
93 95
38 35
17 16
72 44
28 70
58 53
58 94
21 52
95 66
29 14
92 42
28 1
65 68
63 52
18 41
79 75
7 87
12 69
90 50
23 52
31 7
26 78
57 78
49 89
23 69
79 4
94 25
1 61
14 99
92 84
47 9
45 81
33 65
66 47
69 82
1 78
70 35
5 22
32 52
58 63
22 61
83 56
15 75
100 22
84 62
39 66
68 51
17 34
64 10
34 86
56 61
61 59
22 49
60 33
26 85
21 64
19 56
30 4
100 527
5 52
46 98
93 2
43 40
89 18
7 92
15 48
76 63
87 47
57 23
13 54
92 46
61 96
49 87
17 93
62 47
70 59
23 55
29 66
75 29
53 48
58 21
49 53
59 38
18 94
60 13
34 59
61 37
57 52
55 45
4 72
19 60
46 73
64 30
34 70
65 63
16 99
66 90
45 18
32 92
33 83
26 17
58 20
91 21
4 24
85 68
86 83
12 40
59 43
76 18
57 27
39 99
80 4
25 42
43 58
66 68
43 21
47 20
13 69
81 53
83 55
79 77
45 97
40 15
18 50
48 1
89 100
24 25
28 66
80 82
95 63
29 92
79 97
8 40
87 7
93 42
15 81
90 38
98 63
16 73
67 44
33 44
28 36
28 19
18 59
68 40
59 57
12 100
94 98
6 34
23 53
37 80
81 7
3 44
82 20
33 56
85 37
9 67
79 61
65 81
96 55
85 49
34 62
51 62
9 60
76 3
30 44
96 43
73 18
31 21
33 90
39 41
10 14
61 66
74 68
95 25
74 87
32 23
42 9
68 98
48 92
28 5
26 31
10 86
98 73
33 73
30 100
59 99
93 25
69 80
84 28
89 99
88 5
9 23
66 54
45 17
45 68
23 14
97 84
77 45
11 3
17 14
19 22
31 24
49 58
50 74
4 43
6 61
8 68
13 64
89 77
18 15
5 37
53 16
32 67
94 27
48 63
46 62
55 5
40 94
29 43
42 94
91 37
75 10
22 51
93 87
18 78
60 18
71 31
21 30
33 89
49 52
56 70
70 26
50 94
80 96
89 32
22 15
92 39
77 71
86 49
28 91
82 70
70 91
10 95
80 67
14 27
39 87
76 90
49 3
51 36
46 84
86 98
75 55
89 92
57 2
78 81
74 64
16 36
73 57
80 55
68 47
5 68
35 29
64 28
58 71
80 7
92 14
6 94
34 43
67 84
82 48
98 82
8 71
80 50
15 28
64 63
73 61
75 2
1 24
64 22
94 66
70 25
81 60
6 40
60 31
49 50
21 41
31 6
13 22
10 50
14 12
25 65
64 24
14 49
55 8
2 20
23 77
51 7
43 65
39 8
6 59
53 99
5 80
59 35
6 63
16 48
51 43
35 2
45 53
35 49
3 78
85 17
35 43
23 38
80 46
44 88
24 85
23 54
31 90
64 1
51 45
26 65
33 63
92 27
22 21
67 82
19 81
52 72
56 4
42 55
79 34
51 12
7 27
72 46
94 31
98 96
47 33
84 40
65 57
24 78
26 30
48 81
66 24
86 38
96 100
29 31
67 69
41 36
66 53
36 73
39 82
91 31
86 37
43 18
99 3
48 70
12 29
60 16
62 82
81 49
79 59
39 34
84 70
57 7
85 32
55 98
14 38
14 99
39 59
70 67
44 5
49 61
14 81
32 81
33 97
93 60
46 97
84 89
2 9
91 87
94 23
18 4
63 12
49 70
85 10
69 48
99 74
53 92
14 11
25 64
72 75
46 75
9 5
1 14
53 25
75 37
92 21
79 85
25 16
22 35
46 21
15 83
10 30
30 74
43 42
28 63
41 68
73 79
44 22
25 84
63 91
22 2
5 47
50 39
49 77
68 62
11 49
66 23
34 20
61 43
13 25
31 72
8 58
17 61
59 12
96 99
71 44
69 81
59 61
25 50
59 31
47 60
8 34
7 52
23 88
60 4
52 94
40 96
53 52
43 23
93 57
44 40
63 94
35 73
78 83
78 68
86 95
3 79
93 32
41 38
49 41
16 77
31 48
27 2
24 38
7 77
36 83
1 60
10 17
99 93
76 92
94 35
23 75
99 79
73 15
13 81
62 19
36 11
5 78
87 50
85 97
69 39
24 77
77 47
8 13
62 97
17 99
83 49
50 83
88 84
36 89
34 1
22 71
17 87
92 20
68 1
27 38
71 92
97 25
56 6
15 41
22 43
7 19
39 66
1 90
32 13
4 57
57 26
43 32
19 55
36 65
57 66
58 55
83 65
20 95
84 94
73 32
23 15
49 82
16 98
69 6
32 28
32 84
72 99
95 94
38 15
65 47
15 72
29 18
74 4
47 53
23 56
23 31
86 84
43 68
66 81
72 33
54 100
33 6
80 48
72 69
29 47
48 9
90 13
89 50
38 13
61 15
100 81
75 32
94 73
62 14
88 60
20 73
18 81
65 29
11 93
96 17
50 24
3 81
71 85
30 54
52 48
5 57
77 22
6 57
4 10
51 71
58 64
52 58
46 68
99 54
59 3
42 76
40 53
27 67
56 94
86 60
26 92
86 81
28 25
2 47
11 46
60 71
54 47
71 62
14 61
63 14
76 44
64 18
87 78
94 29
73 82
9 79
87 85
82 56
35 37
100 473
54 68
75 42
44 62
89 59
65 89
24 100
84 52
72 67
53 52
44 80
65 61
73 59
1 90
32 55
17 75
70 14
97 37
69 1
30 22
42 45
38 73
32 38
84 67
56 77
36 53
16 81
83 46
57 27
54 45
62 4
98 89
34 1
69 77
10 41
36 22
37 46
64 72
52 37
58 92
18 34
63 1
13 93
5 71
8 54
6 93
70 36
55 27
11 84
8 23
53 86
95 89
69 100
30 46
24 91
78 41
35 20
34 77
91 36
62 72
22 33
87 34
99 72
56 31
4 95
41 30
23 19
91 21
62 84
83 2
88 54
9 73
98 45
75 77
43 85
74 73
88 15
89 71
27 71
41 59
46 58
6 95
52 26
84 16
73 53
16 41
24 55
26 31
79 80
92 12
11 1
54 90
17 64
94 64
40 43
38 93
92 50
36 61
28 81
30 40
81 40
77 14
36 50
8 61
39 37
22 38
47 48
4 91
52 18
67 90
55 16
58 54
70 37
47 52
38 47
15 99
25 58
40 35
65 98
68 52
41 86
82 12
29 49
3 49
13 19
9 34
78 14
85 97
18 87
6 60
25 44
28 97
64 25
29 71
27 18
68 98
3 61
88 44
88 12
55 52
52 83
29 57
72 82
70 55
5 41
55 85
42 48
40 99
87 51
24 6
6 94
91 78
96 44
100 54
60 28
63 61
45 17
23 22
76 62
8 53
39 51
46 82
39 8
72 52
62 27
53 4
12 40
56 97
22 61
56 53
91 95
56 32
75 81
23 3
67 11
26 23
39 87
49 70
92 8
86 25
52 44
26 89
75 21
65 48
52 98
94 39
93 87
89 78
80 1
18 7
53 57
10 74
24 53
14 20
100 68
69 38
79 57
19 86
95 21
83 17
65 100
55 56
65 84
11 21
84 14
84 96
84 97
24 79
64 39
91 51
62 15
83 28
60 32
8 83
45 47
43 78
55 38
1 17
27 49
10 93
94 48
15 29
72 19
67 50
63 6
44 100
89 76
87 31
91 38
86 44
24 42
96 64
14 59
67 75
88 64
43 32
59 20
72 92
51 92
77 36
60 90
70 53
36 57
71 65
71 58
10 11
23 96
40 78
70 93
41 26
9 90
61 41
52 64
19 70
67 62
54 75
1 23
71 20
73 10
30 11
73 2
100 95
96 70
93 92
17 91
78 48
24 71
77 59
78 79
60 36
74 12
11 20
91 79
19 40
73 7
21 73
80 97
54 20
15 86
69 97
62 53
26 55
87 71
2 61
95 71
58 29
61 56
68 35
17 69
84 92
7 32
52 90
96 91
86 56
76 8
98 33
5 65
50 78
20 5
82 11
67 15
17 50
81 14
39 88
11 60
23 76
28 2
41 53
88 16
10 18
72 25
90 18
35 8
35 5
44 9
2 9
49 17
70 3
65 96
27 89
95 24
9 68
38 97
18 47
85 17
35 27
38 17
2 22
8 62
56 63
85 13
33 48
79 55
3 40
4 70
31 47
86 93
60 25
21 47
46 4
89 93
38 96
26 85
77 40
31 40
17 100
19 12
83 91
88 24
68 14
36 84
80 52
8 85
68 92
27 95
86 17
54 93
95 82
90 43
5 89
42 8
91 75
23 88
43 87
62 41
7 76
53 89
51 49
38 10
34 78
37 38
15 53
49 84
93 4
47 36
92 31
88 96
83 47
55 14
4 44
64 3
23 36
20 76
51 99
55 64
31 88
75 2
17 8
91 60
17 35
17 19
36 46
19 38
21 39
88 20
14 37
37 13
13 69
14 36
73 65
1 86
10 83
46 27
68 47
12 86
53 5
64 83
73 33
28 14
76 9
15 59
95 93
19 36
63 94
16 66
23 61
65 32
1 21
29 60
48 64
89 24
57 46
61 31
55 15
96 67
23 29
75 57
42 41
73 83
21 7
91 68
94 60
25 56
77 58
77 99
91 34
86 66
65 55
88 60
42 78
32 41
7 57
22 67
34 31
24 30
90 32
75 79
76 19
43 47
19 9
77 80
74 64
15 91
95 48
14 86
73 34
94 9
8 77
98 50
86 10
40 67
6 29
82 61
14 38
58 22
99 41
14 54
64 20
96 82
22 37
32 88
6 37
53 76
91 55
100 295
95 65
26 65
97 20
73 31
80 28
25 95
42 66
38 30
12 58
94 30
67 33
64 31
55 94
73 14
5 13
42 41
64 16
10 85
1 65
61 77
13 80
99 20
89 30
86 42
56 100
51 96
56 75
99 71
98 80
79 48
70 8
95 30
84 77
11 55
12 81
77 72
5 69
25 77
20 77
40 98
77 3
21 12
94 89
89 15
96 37
19 92
40 84
15 16
19 86
20 22
31 94
5 58
41 2
5 62
3 11
43 48
42 35
89 90
78 38
5 95
43 67
95 35
25 76
2 31
96 71
21 71
29 21
74 85
92 7
98 95
54 7
60 61
5 76
68 41
19 31
72 79
44 64
94 21
12 1
33 95
100 62
34 72
90 85
12 35
36 92
23 70
82 6
82 81
52 42
60 89
82 36
41 67
3 99
75 40
45 39
36 80
31 48
39 73
19 27
86 14
47 2
46 19
90 20
51 34
39 38
45 44
65 63
44 92
48 51
25 85
78 74
1 26
72 73
95 47
68 39
34 83
86 51
90 63
92 82
100 91
84 29
90 48
48 10
62 95
84 79
23 12
4 53
9 63
5 48
46 40
92 54
13 61
26 74
75 58
38 42
45 77
82 18
41 12
61 6
86 8
30 50
99 36
69 36
61 11
95 66
80 51
59 67
32 82
100 72
20 16
63 96
48 67
28 65
80 47
32 75
73 4
69 17
47 18
60 41
70 32
27 90
14 41
7 6
13 56
85 20
66 48
10 19
85 94
60 57
77 43
38 41
78 22
15 44
97 18
59 22
68 91
4 55
39 58
66 99
20 82
42 1
26 96
42 100
50 81
57 33
1 51
13 85
39 81
98 87
67 14
57 34
86 53
76 55
4 60
25 90
43 83
33 66
6 27
38 23
85 50
52 78
47 93
29 72
33 30
23 79
6 11
59 66
87 20
82 40
54 60
88 41
44 19
6 49
43 49
15 54
78 51
90 41
38 64
35 40
79 18
81 23
17 23
58 17
28 58
44 27
60 71
10 84
5 86
65 39
11 53
77 17
67 58
32 76
26 77
75 76
42 26
99 12
12 33
94 93
32 84
27 81
70 100
69 70
52 44
34 36
22 77
47 82
100 7
57 74
27 52
57 30
52 60
67 24
5 74
29 25
1 56
20 45
76 44
5 17
55 95
56 44
82 84
43 97
85 34
19 52
29 6
13 6
76 92
32 19
99 5
57 84
37 39
93 5
37 69
3 57
47 29
40 56
79 39
62 2
47 92
46 76
21 56
68 54
89 22
82 17
76 93
96 77
34 59
24 32
18 94
61 52
21 44
46 5
35 31
94 76
100 99
1 2
2 3
3 4
4 5
5 6
6 7
7 8
8 9
9 10
10 11
11 12
12 13
13 14
14 15
15 16
16 17
17 18
18 19
19 20
20 21
21 22
22 23
23 24
24 25
25 26
26 27
27 28
28 29
29 30
30 31
31 32
32 33
33 34
34 35
35 36
36 37
37 38
38 39
39 40
40 41
41 42
42 43
43 44
44 45
45 46
46 47
47 48
48 49
49 50
50 51
51 52
52 53
53 54
54 55
55 56
56 57
57 58
58 59
59 60
60 61
61 62
62 63
63 64
64 65
65 66
66 67
67 68
68 69
69 70
70 71
71 72
72 73
73 74
74 75
75 76
76 77
77 78
78 79
79 80
80 81
81 82
82 83
83 84
84 85
85 86
86 87
87 88
88 89
89 90
90 91
91 92
92 93
93 94
94 95
95 96
96 97
97 98
98 99
99 100
100 353
39 33
7 8
91 68
51 73
75 89
72 23
41 10
40 48
8 29
16 5
19 86
41 33
97 73
11 88
63 60
79 7
21 40
83 49
18 36
50 80
14 90
18 58
10 51
72 48
47 14
86 62
40 69
65 29
70 35
16 49
70 54
93 10
78 5
13 19
62 70
3 10
5 95
50 79
92 58
45 88
46 48
13 78
27 2
81 2
12 43
9 31
67 55
37 27
5 8
70 61
12 57
35 27
40 71
86 74
6 27
5 56
63 90
56 12
31 7
22 76
45 5
12 84
67 13
51 55
8 46
1 20
26 8
46 39
36 46
21 54
65 86
66 40
45 72
68 97
80 10
55 88
44 7
92 68
70 58
86 81
50 78
18 88
92 20
63 83
79 77
67 8
80 71
77 4
48 27
43 24
87 17
82 36
21 3
37 32
67 83
12 73
83 17
93 4
46 78
8 49
94 28
12 40
40 94
84 38
79 14
44 54
73 46
55 77
8 60
98 72
55 19
83 62
43 45
82 12
43 87
1 17
89 13
80 78
5 9
49 6
96 55
90 58
9 96
4 40
60 72
49 33
52 15
14 9
43 23
27 19
69 16
77 78
41 80
81 100
72 90
95 10
84 18
10 16
15 4
93 31
29 18
86 49
16 95
65 9
39 11
90 52
24 99
17 52
82 85
39 95
18 6
5 93
99 19
52 85
4 90
16 6
16 31
3 78
5 87
93 68
70 92
97 71
35 95
11 31
96 7
66 76
42 91
66 57
49 36
38 20
59 49
36 85
62 52
37 52
1 46
72 35
85 50
15 30
59 50
13 51
91 55
24 45
83 45
7 61
33 32
17 7
44 85
74 28
73 41
72 87
29 88
55 44
8 95
26 77
82 96
93 97
47 99
49 38
13 43
27 14
69 52
75 47
39 17
61 85
87 96
46 62
32 45
73 56
16 12
62 71
7 95
61 64
56 24
71 8
50 36
26 9
4 83
3 42
34 65
2 69
7 40
66 54
59 57
83 52
21 17
99 56
53 3
79 10
60 39
61 55
43 4
44 56
59 43
54 22
24 73
91 12
90 24
52 26
68 70
30 7
10 23
89 100
29 42
16 41
38 24
58 96
12 18
82 76
60 98
55 78
22 91
32 35
25 28
21 13
84 74
84 71
67 41
82 62
43 61
74 66
61 82
97 26
39 5
53 6
76 38
53 88
48 91
81 64
4 38
96 18
70 29
4 56
20 76
43 73
25 81
27 23
25 60
96 94
57 10
10 59
38 87
23 99
52 4
1 18
52 21
38 96
35 10
81 54
75 53
5 71
58 11
89 27
7 100
52 9
83 34
11 75
70 37
36 60
92 9
34 22
87 59
21 61
5 97
4 72
51 80
16 32
59 32
87 74
93 41
67 61
86 95
81 17
83 13
6 8
84 46
66 15
12 39
33 66
75 9
44 75
10 22
9 18
28 84
77 40
29 58
15 23
57 81
36 34
22 100
53 21
100 29
20 69
41 20
42 86
76 93
35 80
73 85
52 54
34 5
88 12
74 4
85 43
67 81
74 22
97 70
45 49
4 21
45 85
83 25
15 74
68 22
48 12
74 40
100 178
34 100
13 10
61 3
15 53
81 17
79 94
12 32
78 29
71 28
54 30
35 84
32 37
46 17
32 48
75 45
2 52
61 74
25 69
76 80
62 48
66 57
3 94
68 92
96 19
89 50
51 100
89 58
64 4
7 28
97 94
49 93
85 52
40 53
48 68
53 97
63 67
72 60
10 88
7 57
69 94
11 76
81 62
65 94
4 56
12 87
7 65
69 20
13 51
49 45
89 73
95 13
91 69
28 89
3 11
46 58
3 92
74 32
33 52
72 22
9 82
78 77
36 97
16 73
98 47
24 12
30 86
21 12
66 47
93 48
82 29
75 63
78 100
16 60
96 88
17 58
21 86
31 60
64 73
95 86
4 17
57 100
10 21
50 11
98 100
21 13
36 88
59 84
92 58
97 9
23 93
27 48
89 69
68 13
59 60
9 89
51 9
48 57
24 17
13 45
12 99
12 61
11 71
94 55
41 20
35 100
97 12
1 84
17 1
70 13
24 53
39 24
90 70
5 32
90 12
75 59
79 89
14 23
45 8
17 38
68 77
20 87
18 84
91 90
85 93
81 74
64 41
92 89
99 44
71 47
47 18
15 48
45 93
32 11
22 61
54 89
18 31
70 57
32 65
73 51
21 72
6 37
8 3
97 42
8 34
6 84
95 30
59 31
40 62
6 100
31 44
39 83
90 86
30 79
96 49
94 81
66 97
10 91
80 89
71 12
43 18
96 33
19 60
68 80
59 58
71 35
21 80
61 80
26 19
51 81
45 99
67 5
42 39
16 81
51 37
71 52
22 3
45 16
71 83
100 323
50 33
1 90
3 32
80 57
61 83
83 49
59 77
91 6
81 31
51 12
26 97
35 69
43 32
98 26
10 6
95 70
20 31
66 43
45 72
13 75
30 42
5 40
37 68
76 96
61 63
92 53
77 24
73 81
38 87
57 86
77 27
5 21
8 45
37 64
53 39
49 10
89 38
63 35
2 12
60 90
4 72
54 100
31 11
28 37
98 41
74 17
93 17
61 73
56 30
59 37
67 11
64 52
26 99
24 51
2 38
69 50
63 99
13 72
90 18
33 98
34 13
53 51
98 8
91 83
18 52
20 2
55 58
30 13
6 96
37 7
69 7
29 79
84 71
60 10
62 99
82 97
12 69
88 25
67 7
25 16
3 39
76 87
72 28
84 86
97 62
75 16
82 74
82 1
84 15
98 17
80 93
39 38
94 53
2 47
14 35
81 85
16 28
76 94
60 61
80 68
88 57
43 88
3 57
75 69
56 9
51 93
43 35
80 59
21 87
9 85
62 86
83 13
64 73
53 63
79 21
91 3
48 89
10 79
59 52
2 95
89 2
69 41
25 82
33 45
4 5
6 77
31 2
55 99
2 35
84 35
47 14
80 37
92 29
5 94
22 33
17 20
3 7
31 94
34 31
24 10
10 72
32 74
48 20
95 43
59 40
85 52
45 62
17 19
56 15
60 44
35 57
44 63
36 43
67 74
56 77
67 53
39 11
71 83
50 40
40 82
40 69
7 26
92 14
98 79
98 54
92 9
15 19
42 22
12 80
66 84
67 68
54 74
93 39
67 94
79 59
32 38
14 74
75 71
6 85
33 9
32 9
88 67
1 76
31 62
1 29
82 60
14 15
69 22
25 51
18 29
69 58
35 16
82 43
36 63
40 46
45 83
23 12
15 42
21 71
58 44
91 70
9 80
24 36
47 53
74 60
25 55
79 78
48 49
70 14
92 99
61 75
76 60
78 83
81 77
70 90
84 56
38 56
34 84
80 46
48 64
97 42
62 23
85 76
72 27
61 52
19 77
69 61
68 19
51 86
37 94
38 14
99 4
9 79
39 64
41 4
57 93
15 75
26 10
94 84
96 73
12 71
97 5
21 44
17 99
79 13
99 51
66 80
54 96
78 42
48 41
55 87
43 94
84 82
55 53
4 98
5 53
28 36
3 96
97 37
12 41
89 79
55 51
53 82
43 37
10 19
98 78
14 73
32 19
68 36
98 9
24 27
99 87
16 21
58 26
21 12
91 47
2 19
20 60
21 14
57 44
60 43
1 99
32 60
92 38
70 61
96 50
25 18
60 69
57 45
55 18
58 8
89 83
32 14
99 89
78 18
4 31
7 90
35 5
59 5
65 43
33 37
53 85
15 22
30 11
97 70
40 67
78 34
60 48
87 59
95 72
79 46
80 35
13 92
19 26
47 4
74 37
10 66
100 77
8 6
70 84
88 7
78 2
2 67
100 396
95 59
52 43
61 39
97 44
67 72
13 38
91 16
90 97
62 32
46 36
11 47
43 3
93 66
60 11
28 86
95 22
94 10
1 32
87 20
19 78
23 78
87 59
23 48
11 80
48 15
87 36
76 60
74 64
46 34
2 80
2 12
14 94
60 9
43 67
95 76
43 55
41 99
94 91
58 78
4 53
37 8
17 75
15 59
23 94
27 94
41 13
13 80
41 71
16 47
28 50
42 43
23 90
51 86
38 66
85 69
57 82
90 65
67 50
93 79
6 31
99 45
98 80
30 63
54 13
40 75
56 27
18 9
30 7
85 70
61 78
70 65
87 69
53 60
14 35
100 9
31 68
33 52
21 45
7 32
1 39
63 43
95 48
70 67
37 89
4 33
96 97
73 47
30 42
1 81
17 44
88 53
94 83
37 21
27 40
11 50
38 32
5 88
78 12
70 14
4 10
67 29
90 57
91 56
88 95
66 56
25 20
19 29
41 50
23 54
33 6
18 89
21 2
69 47
34 49
16 4
30 61
81 41
1 91
60 51
7 60
58 22
39 41
47 45
83 2
23 74
76 1
51 53
92 2
54 29
87 55
32 25
52 98
82 26
80 97
77 34
25 46
2 77
5 89
31 24
73 68
91 17
89 26
44 77
34 39
30 85
75 96
69 99
35 70
32 36
83 90
92 8
68 60
83 84
98 23
33 59
79 74
79 27
9 78
75 72
34 3
10 70
47 71
9 87
26 17
6 65
37 85
99 40
75 44
63 79
71 34
6 70
14 21
40 5
86 68
58 31
74 90
68 51
57 97
30 71
30 36
82 71
14 1
4 57
1 67
8 22
15 20
22 38
32 75
96 4
14 86
25 74
6 75
89 25
60 41
20 68
35 90
14 99
86 59
25 15
88 8
79 52
94 75
70 8
20 40
57 99
18 10
18 48
39 16
62 12
67 91
65 9
73 93
70 30
75 33
11 38
82 55
71 74
87 65
29 89
88 30
53 75
77 66
69 90
3 85
10 85
86 23
87 70
46 52
77 25
46 6
62 30
76 52
30 47
90 60
83 39
87 40
52 92
88 50
7 53
5 72
19 73
27 24
15 5
75 65
37 56
51 43
26 49
64 45
92 64
13 35
19 21
94 6
89 2
15 4
68 9
16 72
84 57
80 5
88 48
23 55
77 6
17 99
92 68
6 85
34 63
40 13
54 60
96 19
2 35
81 82
81 35
38 26
49 58
34 4
10 42
89 38
63 47
76 37
98 89
10 41
79 38
5 85
21 6
12 61
47 89
65 92
37 51
51 54
3 84
4 63
97 39
61 31
62 67
94 92
61 36
94 73
22 18
10 3
76 90
55 65
25 18
57 14
1 92
29 37
73 31
43 14
57 83
90 81
71 78
11 17
47 33
39 100
31 83
33 43
39 72
44 74
85 52
83 71
76 5
66 36
53 63
68 39
54 57
96 29
27 70
51 91
6 63
73 24
86 17
71 27
52 55
36 64
37 79
2 30
47 25
37 15
31 26
6 68
35 83
96 27
29 31
50 31
4 85
25 63
36 91
43 74
88 61
95 99
32 66
12 41
39 78
52 66
11 1
81 30
42 75
99 59
13 33
5 63
21 47
66 99
49 4
60 31
51 8
19 100
97 100
25 45
58 59
35 91
96 7
79 41
9 62
96 39
96 21
33 32
18 69
26 42
73 10
32 90
82 45
66 9
88 17
62 36
41 65
28 69
49 90
30 67
1 15
79 8
11 71
70 5
35 79
5 29
59 50
17 36
14 78
79 14
46 241
20 26
15 10
19 34
10 16
29 27
30 23
35 16
34 43
36 28
41 45
19 3
14 9
41 43
2 26
40 28
38 4
38 16
17 40
33 9
15 24
15 29
21 32
8 37
18 33
31 3
23 28
35 19
31 10
28 21
37 11
37 30
14 37
32 10
37 39
32 18
20 27
46 9
11 46
27 43
1 5
25 38
5 4
10 38
5 45
18 41
34 15
38 21
4 27
22 7
11 24
15 42
16 1
19 30
13 25
7 29
37 31
3 9
5 18
3 45
10 27
5 39
25 8
9 11
32 1
20 43
46 23
7 14
32 33
2 34
38 9
12 28
21 8
18 19
42 32
8 12
21 13
45 27
9 19
32 8
34 29
16 15
16 24
29 40
32 12
12 46
46 41
30 7
36 24
43 40
33 41
35 7
32 38
24 23
45 36
18 27
8 46
30 44
38 42
46 18
44 15
30 31
21 35
38 30
4 23
34 9
16 25
18 38
24 40
39 24
18 15
45 9
16 37
31 1
44 28
34 42
28 27
14 36
37 17
42 28
26 21
21 23
40 36
2 22
31 39
38 33
39 45
27 44
41 9
6 15
42 46
6 29
45 7
15 23
7 5
10 42
45 38
30 25
38 5
38 29
10 14
4 19
44 38
40 41
22 38
8 34
46 26
10 44
7 39
33 7
35 34
26 35
3 14
46 5
3 39
14 18
15 3
44 18
39 20
34 22
35 25
16 39
33 24
27 9
10 8
5 33
34 46
23 37
15 35
36 30
21 43
46 32
13 14
33 3
24 30
33 25
4 1
35 8
22 16
34 24
31 46
29 2
22 39
6 3
44 9
29 16
36 23
4 34
9 4
3 4
30 26
24 41
46 37
11 16
39 44
40 25
43 30
21 9
3 22
2 31
4 42
8 24
6 21
21 5
3 40
17 16
20 15
40 30
8 39
45 21
31 17
5 20
7 20
20 30
21 31
37 36
3 17
44 13
36 20
36 7
8 30
9 12
44 34
17 32
29 1
14 35
43 32
3 42
33 44
40 37
17 19
41 39
9 43
30 15
45 14
34 32
37 1
36 6
41 11
30 10
43 15
26 17
83 232
16 79
70 39
1 9
12 9
61 81
80 18
44 58
44 57
16 17
52 61
34 44
52 33
26 3
29 44
55 78
56 76
4 65
21 41
8 70
1 75
7 71
15 25
76 35
67 63
33 83
61 13
42 45
10 1
57 38
13 31
4 80
17 62
21 40
70 29
5 43
77 54
25 23
7 66
79 21
12 68
11 60
22 76
52 18
54 5
56 77
10 57
5 63
46 48
21 65
22 35
67 55
24 35
53 25
63 83
58 19
37 23
56 44
31 59
7 35
80 28
33 53
61 39
19 5
81 71
1 69
77 68
72 66
15 70
1 53
65 51
43 30
64 57
49 51
7 45
55 71
40 62
5 37
16 27
37 50
4 74
25 61
57 24
11 6
60 4
17 64
12 39
42 53
82 37
36 80
29 23
11 65
27 11
49 34
68 81
28 81
37 34
48 60
70 44
79 24
80 53
36 25
78 61
5 55
49 63
30 69
37 10
79 27
39 68
4 17
71 50
2 41
33 44
53 56
27 22
47 59
56 66
38 16
46 8
20 8
76 19
73 33
52 72
69 6
50 38
36 38
38 40
77 36
10 48
59 37
62 27
18 70
80 27
21 43
46 63
40 4
55 60
78 48
36 45
57 61
62 53
44 17
41 6
67 11
67 62
56 47
24 59
32 20
29 78
41 7
57 77
34 71
36 67
4 78
15 63
55 80
33 19
47 67
15 23
65 71
7 39
46 28
4 7
15 60
10 40
33 6
19 53
36 13
19 51
4 68
55 73
37 76
77 25
39 41
10 79
38 32
5 49
59 65
4 33
57 52
24 47
83 61
73 10
75 63
5 69
3 53
74 40
14 38
41 27
71 49
83 51
79 38
26 6
39 14
42 82
68 22
63 79
75 45
57 31
28 36
70 33
1 38
40 61
13 10
20 74
27 56
27 24
41 44
75 28
34 33
82 69
49 48
79 18
37 43
58 21
4 35
73 29
36 68
72 37
15 57
47 82
15 42
58 18
11 21
61 16
69 68
9 4
56 11
57 75
60 81
39 26
64 30
9 40
7 6
1 2
3 4
2 5
3 6
5 7
6 7
59 277
30 7
42 53
20 47
15 13
1 38
51 45
55 52
41 27
40 47
9 3
19 46
55 21
39 1
32 10
7 28
17 26
31 5
8 7
32 41
1 6
10 35
18 50
6 5
45 21
22 2
12 17
26 33
23 9
38 25
26 38
23 45
7 4
31 27
30 33
2 43
27 30
6 41
2 16
30 53
2 7
41 25
3 40
14 51
50 27
21 29
58 45
26 56
13 5
55 57
54 17
45 39
55 8
41 1
25 22
6 46
39 15
33 29
22 23
54 38
13 18
2 15
24 16
11 14
36 42
57 35
17 52
15 38
14 40
35 5
58 46
17 20
9 14
20 51
49 4
51 12
45 31
6 19
39 46
58 38
4 8
39 6
5 55
25 53
15 23
12 55
12 46
43 33
54 31
58 57
36 12
44 8
12 18
42 46
56 35
11 13
57 7
37 7
40 8
53 43
10 31
46 25
12 22
21 32
30 29
32 24
49 46
54 59
36 49
50 17
34 24
7 23
31 55
34 35
9 8
52 20
53 23
1 28
54 39
39 32
37 50
18 34
26 44
21 31
41 49
51 6
38 27
18 2
10 58
53 28
59 23
26 37
51 27
24 38
9 15
8 33
38 31
6 45
50 3
52 4
5 58
50 28
46 11
3 29
25 39
52 30
27 44
19 43
30 47
20 55
32 43
52 57
53 26
19 44
3 46
8 41
2 20
44 22
11 35
13 33
3 16
19 13
57 28
16 22
44 10
48 32
1 42
3 31
7 44
12 39
31 1
24 40
21 22
28 47
22 33
47 7
22 31
10 30
25 24
10 2
54 15
58 53
40 35
20 3
26 3
9 10
40 10
37 12
29 47
5 38
58 17
47 1
56 48
39 8
13 58
37 58
34 53
3 13
56 4
41 17
4 48
49 12
23 8
36 41
48 41
11 33
53 40
44 52
45 38
6 29
44 47
29 23
44 50
7 34
54 58
6 50
17 42
21 53
45 18
36 26
32 42
44 48
29 19
49 59
53 27
18 39
14 8
54 9
5 24
4 50
28 52
3 22
5 30
37 18
8 30
44 2
6 55
21 9
19 1
9 45
48 34
54 30
36 10
38 46
1 45
29 53
12 35
57 50
9 24
22 34
6 18
17 11
51 57
49 52
34 10
38 14
45 40
51 2
33 53
14 24
52 31
24 11
12 20
43 59
27 36
34 4
30 37
5 45
15 44
58 21
19 16
2 12
35 42
25 6
46 16
20 39
57 10
29 27
69 185
59 58
18 46
33 19
36 69
58 65
1 2
34 39
64 28
11 24
26 69
13 39
33 50
40 60
47 42
27 13
44 24
44 58
46 8
56 21
36 49
28 60
42 68
1 15
38 68
63 12
8 44
15 59
26 35
56 55
30 49
49 8
29 25
24 2
1 53
31 27
25 37
66 35
28 22
37 36
30 4
17 3
19 22
56 1
31 68
19 9
43 49
55 58
59 14
18 54
13 60
43 18
66 63
62 68
63 15
25 62
41 11
5 43
38 10
7 15
13 20
46 24
44 32
27 14
33 38
67 1
62 44
39 29
21 14
42 16
22 38
40 65
37 54
41 44
42 48
62 48
30 69
61 57
7 17
47 20
69 31
59 20
21 23
27 36
25 49
41 3
15 58
35 22
51 4
30 38
33 27
17 55
38 43
22 46
17 46
27 28
41 45
11 53
26 51
33 29
31 61
60 45
17 48
37 2
6 19
13 10
31 21
25 60
43 39
52 62
11 2
29 55
26 54
29 60
46 6
26 27
41 57
63 48
5 59
28 55
61 39
5 4
19 34
66 62
5 45
53 55
65 29
22 58
18 67
36 56
38 67
11 66
43 11
19 63
15 62
63 18
15 64
36 15
12 26
12 51
58 48
10 63
67 47
67 12
50 20
18 55
16 53
69 18
17 25
63 61
22 60
37 9
49 9
57 52
11 14
18 48
48 23
12 53
68 48
68 58
65 9
34 53
69 12
35 60
8 3
66 29
14 3
3 57
66 19
59 28
69 22
12 18
12 40
34 4
39 28
43 56
60 53
58 31
16 15
16 68
25 1
23 30
29 46
8 22
41 40
6 60
43 492
34 25
35 22
21 18
6 3
6 12
5 22
10 2
18 12
26 40
43 7
38 8
18 40
27 39
8 21
17 11
43 21
35 9
24 23
40 30
17 28
39 36
23 38
23 29
6 26
25 10
25 41
7 17
18 8
12 15
3 9
17 27
10 26
13 25
6 17
43 3
1 20
28 19
37 20
19 32
7 3
22 18
24 37
9 13
29 41
1 16
9 26
18 3
29 37
34 28
31 17
37 14
16 3
36 27
22 38
30 16
42 10
19 43
29 17
4 39
26 34
42 8
33 22
40 15
41 38
39 29
18 16
32 12
27 29
31 23
16 24
19 4
2 3
6 7
8 37
39 32
43 41
34 5
40 4
31 39
43 38
24 38
27 21
14 32
7 26
8 1
43 10
13 7
36 43
1 18
8 14
37 17
10 19
23 39
32 23
27 22
28 42
9 34
15 37
9 11
43 26
1 14
19 36
18 5
31 27
21 9
16 37
12 26
27 41
3 37
25 29
4 12
39 37
17 5
38 19
2 37
33 13
25 15
38 15
31 34
33 30
23 22
6 37
41 34
23 10
12 38
43 34
28 26
5 29
32 1
5 24
2 14
42 14
31 21
40 14
35 16
12 35
9 42
42 36
17 22
35 37
20 6
20 27
36 2
26 18
27 33
27 2
7 29
6 41
27 30
18 23
36 7
19 8
15 30
15 32
30 8
33 28
17 24
5 4
34 3
26 8
16 29
2 33
1 23
3 29
9 17
29 6
39 8
33 37
37 23
5 6
2 30
10 17
22 40
15 19
35 32
35 11
26 25
15 24
17 41
29 2
24 13
32 37
8 5
30 37
36 9
26 37
36 40
4 10
24 26
15 16
31 13
40 33
27 28
27 14
32 10
26 31
28 31
43 16
40 17
11 19
7 4
6 39
27 3
25 42
24 36
42 6
18 11
19 16
35 24
39 7
9 28
30 10
19 39
13 34
8 40
11 7
29 34
4 13
21 3
38 37
34 1
2 17
25 22
34 11
7 37
24 29
2 18
40 21
21 33
3 19
4 32
10 20
13 36
41 21
42 39
11 2
29 33
33 17
17 32
26 1
41 20
32 29
32 31
6 36
20 33
16 14
9 30
36 34
31 11
3 22
16 25
34 32
24 22
38 17
8 24
4 27
10 28
2 15
4 33
27 42
34 24
42 22
21 25
22 29
6 28
14 24
21 13
35 40
35 39
20 17
20 28
7 1
38 34
35 6
5 15
13 5
23 17
28 43
8 34
13 43
4 22
3 5
15 20
28 3
37 31
24 32
17 26
4 3
39 34
18 19
36 41
5 27
19 1
23 16
22 7
42 18
17 16
35 38
33 12
8 11
2 16
8 32
36 15
16 11
29 11
30 7
16 12
22 12
3 23
41 9
40 5
34 16
15 41
15 26
14 41
32 5
1 17
16 22
33 43
4 9
28 4
10 33
28 41
4 37
23 9
6 18
36 17
37 18
5 37
25 1
38 7
9 37
14 20
11 12
22 36
23 34
3 25
10 6
39 10
29 20
23 35
28 15
19 5
34 7
3 41
11 13
24 10
27 18
5 35
14 19
39 22
27 43
13 2
22 11
32 26
7 32
27 9
12 13
16 41
23 14
32 18
36 18
5 12
40 23
24 31
30 36
3 35
31 29
37 13
37 19
2 1
19 27
4 31
40 25
41 37
11 25
8 16
2 12
32 13
38 10
24 7
32 16
22 43
26 11
37 43
31 43
20 12
20 2
6 27
5 30
13 42
12 17
13 39
20 13
4 30
21 30
31 42
23 19
22 1
13 30
25 8
29 9
32 11
8 43
25 17
10 18
26 2
28 24
5 10
11 21
22 13
43 17
12 25
18 29
35 42
28 39
7 20
4 8
16 36
34 19
39 15
20 9
7 31
24 43
9 32
33 6
11 23
30 23
13 8
27 32
7 35
26 41
13 17
41 8
31 40
39 40
14 15
40 20
4 24
13 18
38 20
26 22
20 5
13 38
13 23
2 32
18 43
38 33
32 20
32 3
33 19
30 6
6 43
40 12
42 40
8 2
7 10
31 14
35 21
33 7
34 17
7 19
15 13
10 41
30 14
9 18
28 8
35 28
16 7
18 4
31 1
32 33
13 3
27 16
19 21
33 35
11 5
34 27
43 2
42 21
10 27
34 4
30 34
35 25
36 38
36 28
20 35
42 17
21 20
41 13
39 38
22 34
